// MilkShape 3D ASCII

Frames: 30
Frame: 1

Meshes: 1
"Regroup05" 1 0
24
1 20.000000 0.000000 -5.000000 1.000000 0.000000 -1
1 0.000000 0.000000 -5.000000 0.000000 0.000000 -1
1 20.000000 10.000000 -5.000000 1.000000 0.000000 -1
1 20.000000 10.000000 5.000000 1.000000 1.000000 -1
1 0.000000 0.000000 5.000000 0.000000 1.000000 -1
1 20.000000 0.000000 5.000000 1.000000 1.000000 -1
1 0.000000 0.000000 -5.000000 0.000000 0.000000 -1
1 0.000000 0.000000 5.000000 0.000000 1.000000 -1
1 20.000000 10.000000 5.000000 1.000000 1.000000 -1
1 20.000000 10.000000 5.000000 1.000000 1.000000 -1
1 20.000000 10.000000 -5.000000 1.000000 0.000000 -1
1 0.000000 0.000000 -5.000000 0.000000 0.000000 -1
1 20.000000 0.000000 5.000000 1.000000 1.000000 -1
1 20.000000 0.000000 -5.000000 1.000000 0.000000 -1
1 20.000000 10.000000 -5.000000 1.000000 0.000000 -1
1 20.000000 10.000000 -5.000000 1.000000 0.000000 -1
1 20.000000 10.000000 5.000000 1.000000 1.000000 -1
1 20.000000 0.000000 5.000000 1.000000 1.000000 -1
1 0.000000 0.000000 -5.000000 0.000000 0.000000 -1
1 20.000000 0.000000 -5.000000 1.000000 0.000000 -1
1 0.000000 0.000000 5.000000 0.000000 1.000000 -1
1 0.000000 0.000000 5.000000 0.000000 1.000000 -1
1 20.000000 0.000000 -5.000000 1.000000 0.000000 -1
1 20.000000 0.000000 5.000000 1.000000 1.000000 -1
6
0.408248 -0.816497 -0.408248
-0.574688 0.506855 -0.642520
0.756679 0.435858 -0.487304
0.051446 0.871716 0.487304
-0.287344 -0.710353 0.642520
0.816497 -0.408248 0.408248
8
1 0 1 2 0 1 2 1
1 3 4 5 3 4 5 1
1 6 7 8 1 4 3 1
1 9 10 11 3 2 1 1
1 12 13 14 5 0 2 1
1 15 16 17 2 3 5 1
1 18 19 20 1 0 4 1
1 21 22 23 4 0 5 1

Bones: 0
GroupComments: 0
MaterialComments: 0
BoneComments: 0
ModelComment: 0
