// MilkShape 3D ASCII

Frames: 30
Frame: 1

Meshes: 2
"Duplicate09" 0 0
66
0 -11.000000 0.000000 26.000000 0.288462 1.000000 -1
0 11.000000 0.000000 26.000000 0.711538 1.000000 -1
0 -9.341263 10.000000 23.670013 0.320360 0.000000 -1
0 11.000000 0.000000 26.000000 0.711538 1.000000 -1
0 9.522324 10.000000 23.670013 0.683122 0.000000 -1
0 -9.341263 10.000000 23.670013 0.320360 0.000000 -1
0 9.522324 10.000000 23.670013 0.683122 0.000000 -1
0 11.000000 0.000000 26.000000 0.711538 1.000000 -1
0 26.000000 0.000000 11.000000 1.000000 1.000000 -1
0 26.000000 0.000000 11.000000 1.000000 1.000000 -1
0 23.670012 10.000000 9.522322 0.955193 0.000000 -1
0 9.522324 10.000000 23.670013 0.683122 0.000000 -1
0 -9.341263 10.000000 23.670013 0.320360 0.000000 -1
0 -23.488951 10.000000 9.522322 0.048289 0.000000 -1
0 -11.000000 0.000000 26.000000 0.288462 1.000000 -1
0 -26.000000 0.000000 11.000000 0.000000 1.000000 -1
0 -11.000000 0.000000 26.000000 0.288462 1.000000 -1
0 -23.488951 10.000000 9.522322 0.048289 0.000000 -1
0 -26.000000 0.000000 11.000000 0.000000 1.000000 -1
0 -23.488951 10.000000 9.522322 0.048289 0.000000 -1
0 -23.488951 10.000000 -9.341263 0.048289 0.000000 -1
0 -26.000000 0.000000 11.000000 0.000000 1.000000 -1
0 -23.488951 10.000000 -9.341263 0.048289 0.000000 -1
0 -26.000000 0.000000 -11.000000 0.000000 1.000000 -1
0 -11.000000 0.000000 -26.000000 0.288462 1.000000 -1
0 -26.000000 0.000000 -11.000000 0.000000 1.000000 -1
0 -9.341263 10.000000 -23.488955 0.320360 0.000000 -1
0 -9.341263 10.000000 -23.488955 0.320360 0.000000 -1
0 -26.000000 0.000000 -11.000000 0.000000 1.000000 -1
0 -23.488951 10.000000 -9.341263 0.048289 0.000000 -1
0 11.000000 0.000000 -26.000000 0.711538 1.000000 -1
0 -11.000000 0.000000 -26.000000 0.288462 1.000000 -1
0 9.522324 10.000000 -23.488955 0.683122 0.000000 -1
0 -9.341263 10.000000 -23.488955 0.320360 0.000000 -1
0 9.522324 10.000000 -23.488955 0.683122 0.000000 -1
0 -11.000000 0.000000 -26.000000 0.288462 1.000000 -1
0 26.000000 0.000000 -11.000000 1.000000 1.000000 -1
0 11.000000 0.000000 -26.000000 0.711538 1.000000 -1
0 9.522324 10.000000 -23.488955 0.683122 0.000000 -1
0 9.522324 10.000000 -23.488955 0.683122 0.000000 -1
0 23.670012 10.000000 -9.341263 0.955193 0.000000 -1
0 26.000000 0.000000 -11.000000 1.000000 1.000000 -1
0 26.000000 0.000000 -11.000000 1.000000 1.000000 -1
0 23.670012 10.000000 9.522322 0.955193 0.000000 -1
0 26.000000 0.000000 11.000000 1.000000 1.000000 -1
0 23.670012 10.000000 9.522322 0.955193 0.000000 -1
0 26.000000 0.000000 -11.000000 1.000000 1.000000 -1
0 23.670012 10.000000 -9.341263 0.955193 0.000000 -1
0 11.000000 0.000000 26.000000 0.496545 0.459057 -1
0 -11.000000 0.000000 -26.000000 0.491597 0.475880 -1
0 11.000000 0.000000 -26.000000 0.496545 0.475880 -1
0 11.000000 0.000000 26.000000 0.496545 0.459057 -1
0 -11.000000 0.000000 26.000000 0.491597 0.459057 -1
0 -11.000000 0.000000 -26.000000 0.491597 0.475880 -1
0 26.000000 0.000000 11.000000 0.499918 0.463910 -1
0 11.000000 0.000000 -26.000000 0.496545 0.475880 -1
0 26.000000 0.000000 -11.000000 0.499918 0.471027 -1
0 26.000000 0.000000 11.000000 0.499918 0.463910 -1
0 11.000000 0.000000 26.000000 0.496545 0.459057 -1
0 11.000000 0.000000 -26.000000 0.496545 0.475880 -1
0 -11.000000 0.000000 -26.000000 0.491597 0.475880 -1
0 -11.000000 0.000000 26.000000 0.491597 0.459057 -1
0 -26.000000 0.000000 -11.000000 0.488224 0.471027 -1
0 -26.000000 0.000000 -11.000000 0.488224 0.471027 -1
0 -11.000000 0.000000 26.000000 0.491597 0.459057 -1
0 -26.000000 0.000000 11.000000 0.488224 0.463910 -1
16
0.000000 0.226920 0.973913
0.000000 0.226921 0.973913
0.682791 0.259984 0.682791
0.682791 0.259984 0.682791
-0.680556 0.271455 0.680556
-0.680556 0.271455 0.680556
-0.969890 0.243544 0.000000
-0.969890 0.243544 0.000000
-0.678240 0.282811 -0.678240
-0.678240 0.282811 -0.678239
0.000000 0.243544 -0.969890
0.000000 0.243544 -0.969890
0.680556 0.271455 -0.680556
0.680556 0.271455 -0.680556
0.973913 0.226921 0.000000
0.000000 -1.000000 0.000000
22
0 0 1 2 0 0 0 1
0 3 4 5 1 1 1 1
0 6 7 8 2 2 2 1
0 9 10 11 3 3 3 1
0 12 13 14 4 4 4 1
0 15 16 17 5 5 5 1
0 18 19 20 6 6 6 1
0 21 22 23 7 7 7 1
0 24 25 26 8 8 8 1
0 27 28 29 9 9 9 1
0 30 31 32 10 10 10 1
0 33 34 35 11 11 11 1
0 36 37 38 12 12 12 1
0 39 40 41 13 13 13 1
0 42 43 44 14 14 14 1
0 45 46 47 14 14 14 1
0 48 49 50 15 15 15 1
0 51 52 53 15 15 15 1
0 54 55 56 15 15 15 1
0 57 58 59 15 15 15 1
0 60 61 62 15 15 15 1
0 63 64 65 15 15 15 1
"Regroup01" 0 1
66
0 18.954113 7.000000 7.164375 0.497170 0.501865 -1
0 23.670012 10.000000 9.522322 0.505060 0.505782 -1
0 23.670012 10.000000 -9.341263 0.505060 0.474445 -1
0 23.670012 10.000000 -9.341263 0.505060 0.474445 -1
0 18.954113 7.000000 -6.983314 0.497170 0.478362 -1
0 18.954113 7.000000 7.164375 0.497170 0.501865 -1
0 18.954113 7.000000 -6.983314 0.497170 0.478362 -1
0 23.670012 10.000000 -9.341263 0.505060 0.474445 -1
0 9.522324 10.000000 -23.488955 0.481391 0.450942 -1
0 9.522324 10.000000 -23.488955 0.481391 0.450942 -1
0 7.164375 7.000000 -18.773054 0.477446 0.458776 -1
0 18.954113 7.000000 -6.983314 0.497170 0.478362 -1
0 9.522324 10.000000 -23.488955 0.481391 0.450942 -1
0 -9.341263 10.000000 -23.488955 0.449833 0.450942 -1
0 7.164375 7.000000 -18.773054 0.477446 0.458776 -1
0 -6.983314 7.000000 -18.773054 0.453778 0.458776 -1
0 7.164375 7.000000 -18.773054 0.477446 0.458776 -1
0 -9.341263 10.000000 -23.488955 0.449833 0.450942 -1
0 -9.341263 10.000000 -23.488955 0.449833 0.450942 -1
0 -23.488951 10.000000 -9.341263 0.426165 0.474445 -1
0 -6.983314 7.000000 -18.773054 0.453778 0.458776 -1
0 -6.983314 7.000000 -18.773054 0.453778 0.458776 -1
0 -23.488951 10.000000 -9.341263 0.426165 0.474445 -1
0 -18.773056 7.000000 -6.983314 0.434054 0.478362 -1
0 -18.773056 7.000000 -6.983314 0.434054 0.478362 -1
0 -23.488951 10.000000 -9.341263 0.426165 0.474445 -1
0 -23.488951 10.000000 9.522322 0.426165 0.505782 -1
0 -23.488951 10.000000 9.522322 0.426165 0.505782 -1
0 -18.773056 7.000000 7.164375 0.434054 0.501865 -1
0 -18.773056 7.000000 -6.983314 0.434054 0.478362 -1
0 -18.773056 7.000000 7.164375 0.434054 0.501865 -1
0 -23.488951 10.000000 9.522322 0.426165 0.505782 -1
0 -9.341263 10.000000 23.670013 0.449833 0.529285 -1
0 -9.341263 10.000000 23.670013 0.449833 0.529285 -1
0 -6.983314 7.000000 18.954115 0.453778 0.521451 -1
0 -18.773056 7.000000 7.164375 0.434054 0.501865 -1
0 -6.983314 7.000000 18.954115 0.453778 0.521451 -1
0 -9.341263 10.000000 23.670013 0.449833 0.529285 -1
0 9.522324 10.000000 23.670013 0.481391 0.529285 -1
0 9.522324 10.000000 23.670013 0.481391 0.529285 -1
0 7.164375 7.000000 18.954115 0.477446 0.521451 -1
0 -6.983314 7.000000 18.954115 0.453778 0.521451 -1
0 7.164375 7.000000 18.954115 0.477446 0.521451 -1
0 9.522324 10.000000 23.670013 0.481391 0.529285 -1
0 23.670012 10.000000 9.522322 0.505060 0.505782 -1
0 23.670012 10.000000 9.522322 0.505060 0.505782 -1
0 18.954113 7.000000 7.164375 0.497170 0.501865 -1
0 7.164375 7.000000 18.954115 0.477446 0.521451 -1
0 7.164375 7.000000 -18.773054 0.477446 0.458776 -1
0 -6.983314 7.000000 18.954115 0.453778 0.521451 -1
0 7.164375 7.000000 18.954115 0.477446 0.521451 -1
0 7.164375 7.000000 -18.773054 0.477446 0.458776 -1
0 -6.983314 7.000000 -18.773054 0.453778 0.458776 -1
0 -6.983314 7.000000 18.954115 0.453778 0.521451 -1
0 -6.983314 7.000000 18.954115 0.453778 0.521451 -1
0 -6.983314 7.000000 -18.773054 0.453778 0.458776 -1
0 -18.773056 7.000000 7.164375 0.434054 0.501865 -1
0 -18.773056 7.000000 -6.983314 0.434054 0.478362 -1
0 -18.773056 7.000000 7.164375 0.434054 0.501865 -1
0 -6.983314 7.000000 -18.773054 0.453778 0.458776 -1
0 18.954113 7.000000 -6.983314 0.497170 0.478362 -1
0 7.164375 7.000000 -18.773054 0.477446 0.458776 -1
0 7.164375 7.000000 18.954115 0.477446 0.521451 -1
0 7.164375 7.000000 18.954115 0.477446 0.521451 -1
0 18.954113 7.000000 7.164375 0.497170 0.501865 -1
0 18.954113 7.000000 -6.983314 0.497170 0.478362 -1
15
-0.536745 0.843745 0.000000
-0.363698 0.857582 0.363698
-0.363698 0.857582 0.363698
0.000000 0.843745 0.536745
0.000000 0.843745 0.536745
0.363698 0.857582 0.363698
0.363698 0.857582 0.363698
0.536745 0.843744 0.000000
0.363699 0.857582 -0.363698
0.363698 0.857582 -0.363698
0.000000 0.843745 -0.536745
0.000000 0.843745 -0.536745
-0.363698 0.857582 -0.363698
-0.363698 0.857582 -0.363698
0.000000 1.000000 0.000000
22
0 0 1 2 0 0 0 1
0 3 4 5 0 0 0 1
0 6 7 8 1 1 1 1
0 9 10 11 2 2 2 1
0 12 13 14 3 3 3 1
0 15 16 17 4 4 4 1
0 18 19 20 5 5 5 1
0 21 22 23 6 6 6 1
0 24 25 26 7 7 7 1
0 27 28 29 7 7 7 1
0 30 31 32 8 8 8 1
0 33 34 35 9 9 9 1
0 36 37 38 10 10 10 1
0 39 40 41 11 11 11 1
0 42 43 44 12 12 12 1
0 45 46 47 13 13 13 1
0 48 49 50 14 14 14 1
0 51 52 53 14 14 14 1
0 54 55 56 14 14 14 1
0 57 58 59 14 14 14 1
0 60 61 62 14 14 14 1
0 63 64 65 14 14 14 1

Bones: 0
GroupComments: 0
MaterialComments: 0
BoneComments: 0
ModelComment: 0
