// MilkShape 3D ASCII

Frames: 30
Frame: 1

Meshes: 1
"Box01" 1 0
36
1 -1.000000 1.000000 1.000000 0.000000 0.000000 -1
1 -1.000000 -1.000000 1.000000 0.000000 1.000000 -1
1 1.000000 1.000000 1.000000 1.000000 0.000000 -1
1 -1.000000 -1.000000 1.000000 0.000000 1.000000 -1
1 1.000000 -1.000000 1.000000 1.000000 1.000000 -1
1 1.000000 1.000000 1.000000 1.000000 0.000000 -1
1 1.000000 1.000000 1.000000 0.000000 0.000000 -1
1 1.000000 -1.000000 1.000000 0.000000 1.000000 -1
1 1.000000 1.000000 -1.000000 1.000000 0.000000 -1
1 1.000000 -1.000000 1.000000 0.000000 1.000000 -1
1 1.000000 -1.000000 -1.000000 1.000000 1.000000 -1
1 1.000000 1.000000 -1.000000 1.000000 0.000000 -1
1 1.000000 1.000000 -1.000000 0.000000 0.000000 -1
1 1.000000 -1.000000 -1.000000 0.000000 1.000000 -1
1 -1.000000 1.000000 -1.000000 1.000000 0.000000 -1
1 1.000000 -1.000000 -1.000000 0.000000 1.000000 -1
1 -1.000000 -1.000000 -1.000000 1.000000 1.000000 -1
1 -1.000000 1.000000 -1.000000 1.000000 0.000000 -1
1 -1.000000 1.000000 -1.000000 0.000000 0.000000 -1
1 -1.000000 -1.000000 -1.000000 0.000000 1.000000 -1
1 -1.000000 1.000000 1.000000 1.000000 0.000000 -1
1 -1.000000 -1.000000 -1.000000 0.000000 1.000000 -1
1 -1.000000 -1.000000 1.000000 1.000000 1.000000 -1
1 -1.000000 1.000000 1.000000 1.000000 0.000000 -1
1 -1.000000 1.000000 -1.000000 0.000000 0.000000 -1
1 -1.000000 1.000000 1.000000 0.000000 1.000000 -1
1 1.000000 1.000000 -1.000000 1.000000 0.000000 -1
1 -1.000000 1.000000 1.000000 0.000000 1.000000 -1
1 1.000000 1.000000 1.000000 1.000000 1.000000 -1
1 1.000000 1.000000 -1.000000 1.000000 0.000000 -1
1 -1.000000 -1.000000 1.000000 0.000000 0.000000 -1
1 -1.000000 -1.000000 -1.000000 0.000000 1.000000 -1
1 1.000000 -1.000000 1.000000 1.000000 0.000000 -1
1 -1.000000 -1.000000 -1.000000 0.000000 1.000000 -1
1 1.000000 -1.000000 -1.000000 1.000000 1.000000 -1
1 1.000000 -1.000000 1.000000 1.000000 0.000000 -1
6
0.000000 0.000000 1.000000
1.000000 0.000000 0.000000
0.000000 0.000000 -1.000000
-1.000000 0.000000 0.000000
0.000000 1.000000 0.000000
0.000000 -1.000000 0.000000
12
1 0 1 2 0 0 0 1
1 3 4 5 0 0 0 1
1 6 7 8 1 1 1 2
1 9 10 11 1 1 1 2
1 12 13 14 2 2 2 1
1 15 16 17 2 2 2 1
1 18 19 20 3 3 3 2
1 21 22 23 3 3 3 2
1 24 25 26 4 4 4 3
1 27 28 29 4 4 4 3
1 30 31 32 5 5 5 3
1 33 34 35 5 5 5 3

Bones: 0
GroupComments: 0
MaterialComments: 0
BoneComments: 0
ModelComment: 0
