// MilkShape 3D ASCII

Frames: 30
Frame: 1

Meshes: 2
"Duplicate09" 0 0
66
0 -11.000000 0.000000 26.000000 0.288462 1.000000 -1
0 11.000000 0.000000 26.000000 0.711538 1.000000 -1
0 -4.000000 10.000000 10.000000 0.423077 0.000000 -1
0 11.000000 0.000000 26.000000 0.711538 1.000000 -1
0 4.000000 10.000000 10.000000 0.576923 0.000000 -1
0 -4.000000 10.000000 10.000000 0.423077 0.000000 -1
0 4.000000 10.000000 10.000000 0.576923 0.000000 -1
0 11.000000 0.000000 26.000000 0.711538 1.000000 -1
0 26.000000 0.000000 11.000000 1.000000 1.000000 -1
0 26.000000 0.000000 11.000000 1.000000 1.000000 -1
0 10.000000 10.000000 4.000000 0.692308 0.000000 -1
0 4.000000 10.000000 10.000000 0.576923 0.000000 -1
0 -4.000000 10.000000 10.000000 0.423077 0.000000 -1
0 -10.000000 10.000000 4.000000 0.307692 0.000000 -1
0 -11.000000 0.000000 26.000000 0.288462 1.000000 -1
0 -26.000000 0.000000 11.000000 0.000000 1.000000 -1
0 -11.000000 0.000000 26.000000 0.288462 1.000000 -1
0 -10.000000 10.000000 4.000000 0.307692 0.000000 -1
0 -26.000000 0.000000 11.000000 0.000000 1.000000 -1
0 -10.000000 10.000000 4.000000 0.307692 0.000000 -1
0 -10.000000 10.000000 -4.000000 0.307692 0.000000 -1
0 -26.000000 0.000000 11.000000 0.000000 1.000000 -1
0 -10.000000 10.000000 -4.000000 0.307692 0.000000 -1
0 -26.000000 0.000000 -11.000000 0.000000 1.000000 -1
0 -11.000000 0.000000 -26.000000 0.288462 1.000000 -1
0 -26.000000 0.000000 -11.000000 0.000000 1.000000 -1
0 -4.000000 10.000000 -10.000000 0.423077 0.000000 -1
0 -4.000000 10.000000 -10.000000 0.423077 0.000000 -1
0 -26.000000 0.000000 -11.000000 0.000000 1.000000 -1
0 -10.000000 10.000000 -4.000000 0.307692 0.000000 -1
0 11.000000 0.000000 -26.000000 0.711538 1.000000 -1
0 -11.000000 0.000000 -26.000000 0.288462 1.000000 -1
0 4.000000 10.000000 -10.000000 0.576923 0.000000 -1
0 -4.000000 10.000000 -10.000000 0.423077 0.000000 -1
0 4.000000 10.000000 -10.000000 0.576923 0.000000 -1
0 -11.000000 0.000000 -26.000000 0.288462 1.000000 -1
0 26.000000 0.000000 -11.000000 1.000000 1.000000 -1
0 11.000000 0.000000 -26.000000 0.711538 1.000000 -1
0 4.000000 10.000000 -10.000000 0.576923 0.000000 -1
0 4.000000 10.000000 -10.000000 0.576923 0.000000 -1
0 10.000000 10.000000 -4.000000 0.692308 0.000000 -1
0 26.000000 0.000000 -11.000000 1.000000 1.000000 -1
0 26.000000 0.000000 -11.000000 1.000000 1.000000 -1
0 10.000000 10.000000 4.000000 0.692308 0.000000 -1
0 26.000000 0.000000 11.000000 1.000000 1.000000 -1
0 10.000000 10.000000 4.000000 0.692308 0.000000 -1
0 26.000000 0.000000 -11.000000 1.000000 1.000000 -1
0 10.000000 10.000000 -4.000000 0.692308 0.000000 -1
0 11.000000 0.000000 26.000000 0.711538 1.000000 -1
0 -11.000000 0.000000 -26.000000 0.288462 1.000000 -1
0 11.000000 0.000000 -26.000000 0.711538 1.000000 -1
0 11.000000 0.000000 26.000000 0.711538 1.000000 -1
0 -11.000000 0.000000 26.000000 0.288462 1.000000 -1
0 -11.000000 0.000000 -26.000000 0.288462 1.000000 -1
0 26.000000 0.000000 11.000000 1.000000 1.000000 -1
0 11.000000 0.000000 -26.000000 0.711538 1.000000 -1
0 26.000000 0.000000 -11.000000 1.000000 1.000000 -1
0 26.000000 0.000000 11.000000 1.000000 1.000000 -1
0 11.000000 0.000000 26.000000 0.711538 1.000000 -1
0 11.000000 0.000000 -26.000000 0.711538 1.000000 -1
0 -11.000000 0.000000 -26.000000 0.288462 1.000000 -1
0 -11.000000 0.000000 26.000000 0.288462 1.000000 -1
0 -26.000000 0.000000 -11.000000 0.000000 1.000000 -1
0 -26.000000 0.000000 -11.000000 0.000000 1.000000 -1
0 -11.000000 0.000000 26.000000 0.288462 1.000000 -1
0 -26.000000 0.000000 11.000000 0.000000 1.000000 -1
9
0.000000 0.847998 0.529999
0.370370 0.851852 0.370370
-0.370370 0.851852 0.370370
-0.529999 0.847998 0.000000
-0.370370 0.851852 -0.370370
0.000000 0.847998 -0.529999
0.370370 0.851852 -0.370370
0.529999 0.847998 0.000000
0.000000 -1.000000 0.000000
22
0 0 1 2 0 0 0 1
0 3 4 5 0 0 0 1
0 6 7 8 1 1 1 1
0 9 10 11 1 1 1 1
0 12 13 14 2 2 2 1
0 15 16 17 2 2 2 1
0 18 19 20 3 3 3 1
0 21 22 23 3 3 3 1
0 24 25 26 4 4 4 1
0 27 28 29 4 4 4 1
0 30 31 32 5 5 5 1
0 33 34 35 5 5 5 1
0 36 37 38 6 6 6 1
0 39 40 41 6 6 6 1
0 42 43 44 7 7 7 1
0 45 46 47 7 7 7 1
0 48 49 50 8 8 8 1
0 51 52 53 8 8 8 1
0 54 55 56 8 8 8 1
0 57 58 59 8 8 8 1
0 60 61 62 8 8 8 1
0 63 64 65 8 8 8 1
"Regroup01" 1 1
66
1 8.000000 7.000000 3.000000 0.497170 0.501865 -1
1 10.000000 10.000000 4.000000 0.505060 0.505782 -1
1 10.000000 10.000000 -4.000000 0.505060 0.474445 -1
1 10.000000 10.000000 -4.000000 0.505060 0.474445 -1
1 8.000000 7.000000 -3.000000 0.497170 0.478362 -1
1 8.000000 7.000000 3.000000 0.497170 0.501865 -1
1 8.000000 7.000000 -3.000000 0.497170 0.478362 -1
1 10.000000 10.000000 -4.000000 0.505060 0.474445 -1
1 4.000000 10.000000 -10.000000 0.481391 0.450942 -1
1 4.000000 10.000000 -10.000000 0.481391 0.450942 -1
1 3.000000 7.000000 -8.000000 0.477446 0.458776 -1
1 8.000000 7.000000 -3.000000 0.497170 0.478362 -1
1 4.000000 10.000000 -10.000000 0.481391 0.450942 -1
1 -4.000000 10.000000 -10.000000 0.449833 0.450942 -1
1 3.000000 7.000000 -8.000000 0.477446 0.458776 -1
1 -3.000000 7.000000 -8.000000 0.453778 0.458776 -1
1 3.000000 7.000000 -8.000000 0.477446 0.458776 -1
1 -4.000000 10.000000 -10.000000 0.449833 0.450942 -1
1 -4.000000 10.000000 -10.000000 0.449833 0.450942 -1
1 -10.000000 10.000000 -4.000000 0.426165 0.474445 -1
1 -3.000000 7.000000 -8.000000 0.453778 0.458776 -1
1 -3.000000 7.000000 -8.000000 0.453778 0.458776 -1
1 -10.000000 10.000000 -4.000000 0.426165 0.474445 -1
1 -8.000000 7.000000 -3.000000 0.434054 0.478362 -1
1 -8.000000 7.000000 -3.000000 0.434054 0.478362 -1
1 -10.000000 10.000000 -4.000000 0.426165 0.474445 -1
1 -10.000000 10.000000 4.000000 0.426165 0.505782 -1
1 -10.000000 10.000000 4.000000 0.426165 0.505782 -1
1 -8.000000 7.000000 3.000000 0.434054 0.501865 -1
1 -8.000000 7.000000 -3.000000 0.434054 0.478362 -1
1 -8.000000 7.000000 3.000000 0.434054 0.501865 -1
1 -10.000000 10.000000 4.000000 0.426165 0.505782 -1
1 -4.000000 10.000000 10.000000 0.449833 0.529285 -1
1 -4.000000 10.000000 10.000000 0.449833 0.529285 -1
1 -3.000000 7.000000 8.000000 0.453778 0.521451 -1
1 -8.000000 7.000000 3.000000 0.434054 0.501865 -1
1 -3.000000 7.000000 8.000000 0.453778 0.521451 -1
1 -4.000000 10.000000 10.000000 0.449833 0.529285 -1
1 4.000000 10.000000 10.000000 0.481391 0.529285 -1
1 4.000000 10.000000 10.000000 0.481391 0.529285 -1
1 3.000000 7.000000 8.000000 0.477446 0.521451 -1
1 -3.000000 7.000000 8.000000 0.453778 0.521451 -1
1 3.000000 7.000000 8.000000 0.477446 0.521451 -1
1 4.000000 10.000000 10.000000 0.481391 0.529285 -1
1 10.000000 10.000000 4.000000 0.505060 0.505782 -1
1 10.000000 10.000000 4.000000 0.505060 0.505782 -1
1 8.000000 7.000000 3.000000 0.497170 0.501865 -1
1 3.000000 7.000000 8.000000 0.477446 0.521451 -1
1 3.000000 7.000000 -8.000000 0.477446 0.458776 -1
1 -3.000000 7.000000 8.000000 0.453778 0.521451 -1
1 3.000000 7.000000 8.000000 0.477446 0.521451 -1
1 3.000000 7.000000 -8.000000 0.477446 0.458776 -1
1 -3.000000 7.000000 -8.000000 0.453778 0.458776 -1
1 -3.000000 7.000000 8.000000 0.453778 0.521451 -1
1 -3.000000 7.000000 8.000000 0.453778 0.521451 -1
1 -3.000000 7.000000 -8.000000 0.453778 0.458776 -1
1 -8.000000 7.000000 3.000000 0.434054 0.501865 -1
1 -8.000000 7.000000 -3.000000 0.434054 0.478362 -1
1 -8.000000 7.000000 3.000000 0.434054 0.501865 -1
1 -3.000000 7.000000 -8.000000 0.453778 0.458776 -1
1 8.000000 7.000000 -3.000000 0.497170 0.478362 -1
1 3.000000 7.000000 -8.000000 0.477446 0.458776 -1
1 3.000000 7.000000 8.000000 0.477446 0.521451 -1
1 3.000000 7.000000 8.000000 0.477446 0.521451 -1
1 8.000000 7.000000 3.000000 0.497170 0.501865 -1
1 8.000000 7.000000 -3.000000 0.497170 0.478362 -1
9
-0.832050 0.554700 0.000000
-0.577350 0.577350 0.577350
0.000000 0.554700 0.832050
0.577350 0.577350 0.577350
0.832050 0.554700 0.000000
0.577350 0.577350 -0.577350
0.000000 0.554700 -0.832050
-0.577350 0.577350 -0.577350
0.000000 1.000000 0.000000
22
1 0 1 2 0 0 0 1
1 3 4 5 0 0 0 1
1 6 7 8 1 1 1 1
1 9 10 11 1 1 1 1
1 12 13 14 2 2 2 1
1 15 16 17 2 2 2 1
1 18 19 20 3 3 3 1
1 21 22 23 3 3 3 1
1 24 25 26 4 4 4 1
1 27 28 29 4 4 4 1
1 30 31 32 5 5 5 1
1 33 34 35 5 5 5 1
1 36 37 38 6 6 6 1
1 39 40 41 6 6 6 1
1 42 43 44 7 7 7 1
1 45 46 47 7 7 7 1
1 48 49 50 8 8 8 1
1 51 52 53 8 8 8 1
1 54 55 56 8 8 8 1
1 57 58 59 8 8 8 1
1 60 61 62 8 8 8 1
1 63 64 65 8 8 8 1

Bones: 0
GroupComments: 0
MaterialComments: 0
BoneComments: 0
ModelComment: 0
