// MilkShape 3D ASCII

Frames: 30
Frame: 1

Meshes: 3
"Color" 0 0
252
0 3.000000 -12.000000 -19.000000 0.000000 0.000000 -1
0 -3.000000 -12.000000 -19.000000 0.000000 0.000000 -1
0 0.000000 -9.000000 -19.000000 0.000000 0.000000 -1
0 -7.000000 -12.000000 -19.000000 0.000000 0.000000 -1
0 -3.000000 -12.000000 -19.000000 0.000000 0.000000 -1
0 -9.000000 -22.000000 -19.000000 0.000000 0.000000 -1
0 -9.000000 -22.000000 -19.000000 0.000000 0.000000 -1
0 -3.000000 -12.000000 -19.000000 0.000000 0.000000 -1
0 9.000000 -22.000000 -19.000000 0.000000 0.000000 -1
0 9.000000 -22.000000 -19.000000 0.000000 0.000000 -1
0 -3.000000 -12.000000 -19.000000 0.000000 0.000000 -1
0 3.000000 -12.000000 -19.000000 0.000000 0.000000 -1
0 9.000000 -22.000000 -19.000000 0.000000 0.000000 -1
0 3.000000 -12.000000 -19.000000 0.000000 0.000000 -1
0 7.000000 -12.000000 -19.000000 0.000000 0.000000 -1
0 9.000000 -22.000000 -19.000000 0.000000 0.000000 -1
0 7.000000 -12.000000 -19.000000 0.000000 0.000000 -1
0 11.000000 -8.000000 -19.000000 0.000000 0.000000 -1
0 9.000000 -22.000000 -19.000000 0.000000 0.000000 -1
0 11.000000 -8.000000 -19.000000 0.000000 0.000000 -1
0 22.000000 -9.000000 -19.000000 0.000000 0.000000 -1
0 22.000000 -9.000000 -19.000000 0.000000 0.000000 -1
0 11.000000 -8.000000 -19.000000 0.000000 0.000000 -1
0 22.000000 9.000000 -19.000000 0.000000 0.000000 -1
0 22.000000 9.000000 -19.000000 0.000000 0.000000 -1
0 11.000000 -8.000000 -19.000000 0.000000 0.000000 -1
0 9.000000 -5.000000 -19.000000 0.000000 0.000000 -1
0 9.000000 -5.000000 -19.000000 0.000000 0.000000 -1
0 12.000000 3.000000 -19.000000 0.000000 0.000000 -1
0 22.000000 9.000000 -19.000000 0.000000 0.000000 -1
0 22.000000 9.000000 -19.000000 0.000000 0.000000 -1
0 12.000000 3.000000 -19.000000 0.000000 0.000000 -1
0 13.000000 5.000000 -19.000000 0.000000 0.000000 -1
0 22.000000 9.000000 -19.000000 0.000000 0.000000 -1
0 8.000000 10.000000 -19.000000 0.000000 0.000000 -1
0 9.000000 21.000000 -19.000000 0.000000 0.000000 -1
0 8.000000 10.000000 -19.000000 0.000000 0.000000 -1
0 22.000000 9.000000 -19.000000 0.000000 0.000000 -1
0 13.000000 5.000000 -19.000000 0.000000 0.000000 -1
0 -22.000000 9.000000 -19.000000 0.000000 0.000000 -1
0 -8.000000 10.000000 -19.000000 0.000000 0.000000 -1
0 -13.000000 5.000000 -19.000000 0.000000 0.000000 -1
0 -8.000000 10.000000 -19.000000 0.000000 0.000000 -1
0 -22.000000 9.000000 -19.000000 0.000000 0.000000 -1
0 -9.000000 21.000000 -19.000000 0.000000 0.000000 -1
0 -9.000000 21.000000 -19.000000 0.000000 0.000000 -1
0 9.000000 21.000000 -19.000000 0.000000 0.000000 -1
0 -8.000000 10.000000 -19.000000 0.000000 0.000000 -1
0 -8.000000 10.000000 -19.000000 0.000000 0.000000 -1
0 9.000000 21.000000 -19.000000 0.000000 0.000000 -1
0 8.000000 10.000000 -19.000000 0.000000 0.000000 -1
0 8.000000 10.000000 -19.000000 0.000000 0.000000 -1
0 3.000000 5.000000 -19.000000 0.000000 0.000000 -1
0 -3.000000 5.000000 -19.000000 0.000000 0.000000 -1
0 8.000000 10.000000 -19.000000 0.000000 0.000000 -1
0 -3.000000 5.000000 -19.000000 0.000000 0.000000 -1
0 -8.000000 10.000000 -19.000000 0.000000 0.000000 -1
0 3.000000 5.000000 -19.000000 0.000000 0.000000 -1
0 4.000000 3.000000 -19.000000 0.000000 0.000000 -1
0 -4.000000 3.000000 -19.000000 0.000000 0.000000 -1
0 -4.000000 3.000000 -19.000000 0.000000 0.000000 -1
0 -3.000000 5.000000 -19.000000 0.000000 0.000000 -1
0 3.000000 5.000000 -19.000000 0.000000 0.000000 -1
0 -4.000000 3.000000 -19.000000 0.000000 0.000000 -1
0 -12.000000 3.000000 -19.000000 0.000000 0.000000 -1
0 -8.000000 7.000000 -19.000000 0.000000 0.000000 -1
0 12.000000 3.000000 -19.000000 0.000000 0.000000 -1
0 4.000000 3.000000 -19.000000 0.000000 0.000000 -1
0 8.000000 7.000000 -19.000000 0.000000 0.000000 -1
0 4.000000 3.000000 -19.000000 0.000000 0.000000 -1
0 4.000000 -1.000000 -19.000000 0.000000 0.000000 -1
0 0.000000 -1.000000 -19.000000 0.000000 0.000000 -1
0 0.000000 -1.000000 -19.000000 0.000000 0.000000 -1
0 -4.000000 -1.000000 -19.000000 0.000000 0.000000 -1
0 -4.000000 3.000000 -19.000000 0.000000 0.000000 -1
0 0.000000 -1.000000 -19.000000 0.000000 0.000000 -1
0 -4.000000 3.000000 -19.000000 0.000000 0.000000 -1
0 4.000000 3.000000 -19.000000 0.000000 0.000000 -1
0 -4.000000 -1.000000 -19.000000 0.000000 0.000000 -1
0 -12.000000 3.000000 -19.000000 0.000000 0.000000 -1
0 -4.000000 3.000000 -19.000000 0.000000 0.000000 -1
0 4.000000 -1.000000 -19.000000 0.000000 0.000000 -1
0 4.000000 3.000000 -19.000000 0.000000 0.000000 -1
0 12.000000 3.000000 -19.000000 0.000000 0.000000 -1
0 12.000000 3.000000 -19.000000 0.000000 0.000000 -1
0 9.000000 -5.000000 -19.000000 0.000000 0.000000 -1
0 4.000000 -1.000000 -19.000000 0.000000 0.000000 -1
0 -4.000000 -1.000000 -19.000000 0.000000 0.000000 -1
0 -9.000000 -5.000000 -19.000000 0.000000 0.000000 -1
0 -12.000000 3.000000 -19.000000 0.000000 0.000000 -1
0 -4.000000 -1.000000 -19.000000 0.000000 0.000000 -1
0 -4.000000 -3.000000 -19.000000 0.000000 0.000000 -1
0 -9.000000 -5.000000 -19.000000 0.000000 0.000000 -1
0 4.000000 -3.000000 -19.000000 0.000000 0.000000 -1
0 4.000000 -1.000000 -19.000000 0.000000 0.000000 -1
0 9.000000 -5.000000 -19.000000 0.000000 0.000000 -1
0 9.000000 -5.000000 -19.000000 0.000000 0.000000 -1
0 5.000000 -9.000000 -19.000000 0.000000 0.000000 -1
0 2.000000 -6.000000 -19.000000 0.000000 0.000000 -1
0 2.000000 -6.000000 -19.000000 0.000000 0.000000 -1
0 4.000000 -3.000000 -19.000000 0.000000 0.000000 -1
0 9.000000 -5.000000 -19.000000 0.000000 0.000000 -1
0 -2.000000 -6.000000 -19.000000 0.000000 0.000000 -1
0 -9.000000 -5.000000 -19.000000 0.000000 0.000000 -1
0 -4.000000 -3.000000 -19.000000 0.000000 0.000000 -1
0 -2.000000 -6.000000 -19.000000 0.000000 0.000000 -1
0 -5.000000 -9.000000 -19.000000 0.000000 0.000000 -1
0 -9.000000 -5.000000 -19.000000 0.000000 0.000000 -1
0 -9.000000 -5.000000 -19.000000 0.000000 0.000000 -1
0 -11.000000 -8.000000 -19.000000 0.000000 0.000000 -1
0 -22.000000 9.000000 -19.000000 0.000000 0.000000 -1
0 -22.000000 9.000000 -19.000000 0.000000 0.000000 -1
0 -13.000000 5.000000 -19.000000 0.000000 0.000000 -1
0 -12.000000 3.000000 -19.000000 0.000000 0.000000 -1
0 -12.000000 3.000000 -19.000000 0.000000 0.000000 -1
0 -9.000000 -5.000000 -19.000000 0.000000 0.000000 -1
0 -22.000000 9.000000 -19.000000 0.000000 0.000000 -1
0 -22.000000 -9.000000 -19.000000 0.000000 0.000000 -1
0 -22.000000 9.000000 -19.000000 0.000000 0.000000 -1
0 -11.000000 -8.000000 -19.000000 0.000000 0.000000 -1
0 -11.000000 -8.000000 -19.000000 0.000000 0.000000 -1
0 -9.000000 -22.000000 -19.000000 0.000000 0.000000 -1
0 -22.000000 -9.000000 -19.000000 0.000000 0.000000 -1
0 -11.000000 -8.000000 -19.000000 0.000000 0.000000 -1
0 -7.000000 -12.000000 -19.000000 0.000000 0.000000 -1
0 -9.000000 -22.000000 -19.000000 0.000000 0.000000 -1
0 -13.000000 5.000000 19.000000 0.000000 0.000000 -1
0 -8.000000 10.000000 19.000000 0.000000 0.000000 -1
0 -22.000000 9.000000 19.000000 0.000000 0.000000 -1
0 -9.000000 21.000000 19.000000 0.000000 0.000000 -1
0 -22.000000 9.000000 19.000000 0.000000 0.000000 -1
0 -8.000000 10.000000 19.000000 0.000000 0.000000 -1
0 -8.000000 10.000000 19.000000 0.000000 0.000000 -1
0 9.000000 21.000000 19.000000 0.000000 0.000000 -1
0 -9.000000 21.000000 19.000000 0.000000 0.000000 -1
0 8.000000 10.000000 19.000000 0.000000 0.000000 -1
0 9.000000 21.000000 19.000000 0.000000 0.000000 -1
0 -8.000000 10.000000 19.000000 0.000000 0.000000 -1
0 -3.000000 5.000000 19.000000 0.000000 0.000000 -1
0 3.000000 5.000000 19.000000 0.000000 0.000000 -1
0 8.000000 10.000000 19.000000 0.000000 0.000000 -1
0 -8.000000 10.000000 19.000000 0.000000 0.000000 -1
0 -3.000000 5.000000 19.000000 0.000000 0.000000 -1
0 8.000000 10.000000 19.000000 0.000000 0.000000 -1
0 -4.000000 3.000000 19.000000 0.000000 0.000000 -1
0 4.000000 3.000000 19.000000 0.000000 0.000000 -1
0 3.000000 5.000000 19.000000 0.000000 0.000000 -1
0 3.000000 5.000000 19.000000 0.000000 0.000000 -1
0 -3.000000 5.000000 19.000000 0.000000 0.000000 -1
0 -4.000000 3.000000 19.000000 0.000000 0.000000 -1
0 -8.000000 7.000000 19.000000 0.000000 0.000000 -1
0 -12.000000 3.000000 19.000000 0.000000 0.000000 -1
0 -4.000000 3.000000 19.000000 0.000000 0.000000 -1
0 8.000000 7.000000 19.000000 0.000000 0.000000 -1
0 4.000000 3.000000 19.000000 0.000000 0.000000 -1
0 12.000000 3.000000 19.000000 0.000000 0.000000 -1
0 0.000000 -1.000000 19.000000 0.000000 0.000000 -1
0 4.000000 -1.000000 19.000000 0.000000 0.000000 -1
0 4.000000 3.000000 19.000000 0.000000 0.000000 -1
0 -4.000000 3.000000 19.000000 0.000000 0.000000 -1
0 -4.000000 -1.000000 19.000000 0.000000 0.000000 -1
0 0.000000 -1.000000 19.000000 0.000000 0.000000 -1
0 4.000000 3.000000 19.000000 0.000000 0.000000 -1
0 -4.000000 3.000000 19.000000 0.000000 0.000000 -1
0 0.000000 -1.000000 19.000000 0.000000 0.000000 -1
0 -4.000000 3.000000 19.000000 0.000000 0.000000 -1
0 -12.000000 3.000000 19.000000 0.000000 0.000000 -1
0 -4.000000 -1.000000 19.000000 0.000000 0.000000 -1
0 12.000000 3.000000 19.000000 0.000000 0.000000 -1
0 4.000000 3.000000 19.000000 0.000000 0.000000 -1
0 4.000000 -1.000000 19.000000 0.000000 0.000000 -1
0 4.000000 -1.000000 19.000000 0.000000 0.000000 -1
0 9.000000 -5.000000 19.000000 0.000000 0.000000 -1
0 12.000000 3.000000 19.000000 0.000000 0.000000 -1
0 -12.000000 3.000000 19.000000 0.000000 0.000000 -1
0 -9.000000 -5.000000 19.000000 0.000000 0.000000 -1
0 -4.000000 -1.000000 19.000000 0.000000 0.000000 -1
0 -9.000000 -5.000000 19.000000 0.000000 0.000000 -1
0 -4.000000 -3.000000 19.000000 0.000000 0.000000 -1
0 -4.000000 -1.000000 19.000000 0.000000 0.000000 -1
0 9.000000 -5.000000 19.000000 0.000000 0.000000 -1
0 4.000000 -1.000000 19.000000 0.000000 0.000000 -1
0 4.000000 -3.000000 19.000000 0.000000 0.000000 -1
0 2.000000 -6.000000 19.000000 0.000000 0.000000 -1
0 5.000000 -9.000000 19.000000 0.000000 0.000000 -1
0 9.000000 -5.000000 19.000000 0.000000 0.000000 -1
0 9.000000 -5.000000 19.000000 0.000000 0.000000 -1
0 4.000000 -3.000000 19.000000 0.000000 0.000000 -1
0 2.000000 -6.000000 19.000000 0.000000 0.000000 -1
0 -4.000000 -3.000000 19.000000 0.000000 0.000000 -1
0 -9.000000 -5.000000 19.000000 0.000000 0.000000 -1
0 -2.000000 -6.000000 19.000000 0.000000 0.000000 -1
0 -9.000000 -5.000000 19.000000 0.000000 0.000000 -1
0 -5.000000 -9.000000 19.000000 0.000000 0.000000 -1
0 -2.000000 -6.000000 19.000000 0.000000 0.000000 -1
0 -22.000000 9.000000 19.000000 0.000000 0.000000 -1
0 -11.000000 -8.000000 19.000000 0.000000 0.000000 -1
0 -9.000000 -5.000000 19.000000 0.000000 0.000000 -1
0 -12.000000 3.000000 19.000000 0.000000 0.000000 -1
0 -13.000000 5.000000 19.000000 0.000000 0.000000 -1
0 -22.000000 9.000000 19.000000 0.000000 0.000000 -1
0 -22.000000 9.000000 19.000000 0.000000 0.000000 -1
0 -9.000000 -5.000000 19.000000 0.000000 0.000000 -1
0 -12.000000 3.000000 19.000000 0.000000 0.000000 -1
0 -11.000000 -8.000000 19.000000 0.000000 0.000000 -1
0 -22.000000 9.000000 19.000000 0.000000 0.000000 -1
0 -22.000000 -9.000000 19.000000 0.000000 0.000000 -1
0 -22.000000 -9.000000 19.000000 0.000000 0.000000 -1
0 -9.000000 -22.000000 19.000000 0.000000 0.000000 -1
0 -11.000000 -8.000000 19.000000 0.000000 0.000000 -1
0 -9.000000 -22.000000 19.000000 0.000000 0.000000 -1
0 -7.000000 -12.000000 19.000000 0.000000 0.000000 -1
0 -11.000000 -8.000000 19.000000 0.000000 0.000000 -1
0 0.000000 -9.000000 19.000000 0.000000 0.000000 -1
0 -3.000000 -12.000000 19.000000 0.000000 0.000000 -1
0 3.000000 -12.000000 19.000000 0.000000 0.000000 -1
0 -9.000000 -22.000000 19.000000 0.000000 0.000000 -1
0 -3.000000 -12.000000 19.000000 0.000000 0.000000 -1
0 -7.000000 -12.000000 19.000000 0.000000 0.000000 -1
0 9.000000 -22.000000 19.000000 0.000000 0.000000 -1
0 -3.000000 -12.000000 19.000000 0.000000 0.000000 -1
0 -9.000000 -22.000000 19.000000 0.000000 0.000000 -1
0 3.000000 -12.000000 19.000000 0.000000 0.000000 -1
0 -3.000000 -12.000000 19.000000 0.000000 0.000000 -1
0 9.000000 -22.000000 19.000000 0.000000 0.000000 -1
0 7.000000 -12.000000 19.000000 0.000000 0.000000 -1
0 3.000000 -12.000000 19.000000 0.000000 0.000000 -1
0 9.000000 -22.000000 19.000000 0.000000 0.000000 -1
0 11.000000 -8.000000 19.000000 0.000000 0.000000 -1
0 7.000000 -12.000000 19.000000 0.000000 0.000000 -1
0 9.000000 -22.000000 19.000000 0.000000 0.000000 -1
0 22.000000 -9.000000 19.000000 0.000000 0.000000 -1
0 11.000000 -8.000000 19.000000 0.000000 0.000000 -1
0 9.000000 -22.000000 19.000000 0.000000 0.000000 -1
0 22.000000 9.000000 19.000000 0.000000 0.000000 -1
0 11.000000 -8.000000 19.000000 0.000000 0.000000 -1
0 22.000000 -9.000000 19.000000 0.000000 0.000000 -1
0 9.000000 -5.000000 19.000000 0.000000 0.000000 -1
0 11.000000 -8.000000 19.000000 0.000000 0.000000 -1
0 22.000000 9.000000 19.000000 0.000000 0.000000 -1
0 22.000000 9.000000 19.000000 0.000000 0.000000 -1
0 12.000000 3.000000 19.000000 0.000000 0.000000 -1
0 9.000000 -5.000000 19.000000 0.000000 0.000000 -1
0 13.000000 5.000000 19.000000 0.000000 0.000000 -1
0 12.000000 3.000000 19.000000 0.000000 0.000000 -1
0 22.000000 9.000000 19.000000 0.000000 0.000000 -1
0 9.000000 21.000000 19.000000 0.000000 0.000000 -1
0 8.000000 10.000000 19.000000 0.000000 0.000000 -1
0 22.000000 9.000000 19.000000 0.000000 0.000000 -1
0 13.000000 5.000000 19.000000 0.000000 0.000000 -1
0 22.000000 9.000000 19.000000 0.000000 0.000000 -1
0 8.000000 10.000000 19.000000 0.000000 0.000000 -1
2
0.000000 0.000000 -1.000000
0.000000 0.000000 1.000000
84
0 0 1 2 0 0 0 1
0 3 4 5 0 0 0 1
0 6 7 8 0 0 0 1
0 9 10 11 0 0 0 1
0 12 13 14 0 0 0 1
0 15 16 17 0 0 0 1
0 18 19 20 0 0 0 1
0 21 22 23 0 0 0 1
0 24 25 26 0 0 0 1
0 27 28 29 0 0 0 1
0 30 31 32 0 0 0 1
0 33 34 35 0 0 0 1
0 36 37 38 0 0 0 1
0 39 40 41 0 0 0 1
0 42 43 44 0 0 0 1
0 45 46 47 0 0 0 1
0 48 49 50 0 0 0 1
0 51 52 53 0 0 0 1
0 54 55 56 0 0 0 1
0 57 58 59 0 0 0 1
0 60 61 62 0 0 0 1
0 63 64 65 0 0 0 1
0 66 67 68 0 0 0 1
0 69 70 71 0 0 0 1
0 72 73 74 0 0 0 1
0 75 76 77 0 0 0 1
0 78 79 80 0 0 0 1
0 81 82 83 0 0 0 1
0 84 85 86 0 0 0 1
0 87 88 89 0 0 0 1
0 90 91 92 0 0 0 1
0 93 94 95 0 0 0 1
0 96 97 98 0 0 0 1
0 99 100 101 0 0 0 1
0 102 103 104 0 0 0 1
0 105 106 107 0 0 0 1
0 108 109 110 0 0 0 1
0 111 112 113 0 0 0 1
0 114 115 116 0 0 0 1
0 117 118 119 0 0 0 1
0 120 121 122 0 0 0 1
0 123 124 125 0 0 0 1
0 126 127 128 1 1 1 1
0 129 130 131 1 1 1 1
0 132 133 134 1 1 1 1
0 135 136 137 1 1 1 1
0 138 139 140 1 1 1 1
0 141 142 143 1 1 1 1
0 144 145 146 1 1 1 1
0 147 148 149 1 1 1 1
0 150 151 152 1 1 1 1
0 153 154 155 1 1 1 1
0 156 157 158 1 1 1 1
0 159 160 161 1 1 1 1
0 162 163 164 1 1 1 1
0 165 166 167 1 1 1 1
0 168 169 170 1 1 1 1
0 171 172 173 1 1 1 1
0 174 175 176 1 1 1 1
0 177 178 179 1 1 1 1
0 180 181 182 1 1 1 1
0 183 184 185 1 1 1 1
0 186 187 188 1 1 1 1
0 189 190 191 1 1 1 1
0 192 193 194 1 1 1 1
0 195 196 197 1 1 1 1
0 198 199 200 1 1 1 1
0 201 202 203 1 1 1 1
0 204 205 206 1 1 1 1
0 207 208 209 1 1 1 1
0 210 211 212 1 1 1 1
0 213 214 215 1 1 1 1
0 216 217 218 1 1 1 1
0 219 220 221 1 1 1 1
0 222 223 224 1 1 1 1
0 225 226 227 1 1 1 1
0 228 229 230 1 1 1 1
0 231 232 233 1 1 1 1
0 234 235 236 1 1 1 1
0 237 238 239 1 1 1 1
0 240 241 242 1 1 1 1
0 243 244 245 1 1 1 1
0 246 247 248 1 1 1 1
0 249 250 251 1 1 1 1
"DonDaDon" 0 1
240
0 30.000000 -12.000000 13.000000 0.000000 1.000000 -1
0 30.000000 12.000000 13.000000 0.125000 1.000000 -1
0 26.000000 11.000000 18.000000 0.125000 1.000000 -1
0 26.000000 11.000000 18.000000 0.125000 1.000000 -1
0 26.000000 -11.000000 18.000000 0.000000 1.000000 -1
0 30.000000 -12.000000 13.000000 0.000000 1.000000 -1
0 30.000000 12.000000 -13.000000 0.125000 0.000000 -1
0 30.000000 -12.000000 -13.000000 0.000000 0.000000 -1
0 26.000000 -11.000000 -18.000000 0.000000 0.000000 -1
0 26.000000 -11.000000 -18.000000 0.000000 0.000000 -1
0 26.000000 11.000000 -18.000000 0.125000 0.000000 -1
0 30.000000 12.000000 -13.000000 0.125000 0.000000 -1
0 12.000000 30.000000 -13.000000 0.250000 0.000000 -1
0 30.000000 12.000000 -13.000000 0.125000 0.000000 -1
0 26.000000 11.000000 -18.000000 0.125000 0.000000 -1
0 26.000000 11.000000 -18.000000 0.125000 0.000000 -1
0 11.000000 26.000000 -18.000000 0.250000 0.000000 -1
0 12.000000 30.000000 -13.000000 0.250000 0.000000 -1
0 30.000000 12.000000 13.000000 0.125000 1.000000 -1
0 12.000000 30.000000 13.000000 0.250000 1.000000 -1
0 11.000000 26.000000 18.000000 0.250000 1.000000 -1
0 11.000000 26.000000 18.000000 0.250000 1.000000 -1
0 26.000000 11.000000 18.000000 0.125000 1.000000 -1
0 30.000000 12.000000 13.000000 0.125000 1.000000 -1
0 12.000000 30.000000 13.000000 0.250000 1.000000 -1
0 -12.000000 30.000000 13.000000 0.375000 1.000000 -1
0 -11.000000 26.000000 18.000000 0.375000 1.000000 -1
0 -11.000000 26.000000 18.000000 0.375000 1.000000 -1
0 11.000000 26.000000 18.000000 0.250000 1.000000 -1
0 12.000000 30.000000 13.000000 0.250000 1.000000 -1
0 -12.000000 30.000000 -13.000000 0.375000 0.000000 -1
0 12.000000 30.000000 -13.000000 0.250000 0.000000 -1
0 11.000000 26.000000 -18.000000 0.250000 0.000000 -1
0 11.000000 26.000000 -18.000000 0.250000 0.000000 -1
0 -11.000000 26.000000 -18.000000 0.375000 0.000000 -1
0 -12.000000 30.000000 -13.000000 0.375000 0.000000 -1
0 -30.000000 12.000000 -13.000000 0.500000 0.000000 -1
0 -12.000000 30.000000 -13.000000 0.375000 0.000000 -1
0 -11.000000 26.000000 -18.000000 0.375000 0.000000 -1
0 -11.000000 26.000000 -18.000000 0.375000 0.000000 -1
0 -26.000000 11.000000 -18.000000 0.500000 0.000000 -1
0 -30.000000 12.000000 -13.000000 0.500000 0.000000 -1
0 -12.000000 30.000000 13.000000 0.375000 1.000000 -1
0 -30.000000 12.000000 13.000000 0.500000 1.000000 -1
0 -26.000000 11.000000 18.000000 0.500000 1.000000 -1
0 -26.000000 11.000000 18.000000 0.500000 1.000000 -1
0 -11.000000 26.000000 18.000000 0.375000 1.000000 -1
0 -12.000000 30.000000 13.000000 0.375000 1.000000 -1
0 -30.000000 12.000000 13.000000 0.500000 1.000000 -1
0 -30.000000 -12.000000 13.000000 0.625000 1.000000 -1
0 -26.000000 -11.000000 18.000000 0.625000 1.000000 -1
0 -26.000000 -11.000000 18.000000 0.625000 1.000000 -1
0 -26.000000 11.000000 18.000000 0.500000 1.000000 -1
0 -30.000000 12.000000 13.000000 0.500000 1.000000 -1
0 -30.000000 -12.000000 -13.000000 0.625000 0.000000 -1
0 -30.000000 12.000000 -13.000000 0.500000 0.000000 -1
0 -26.000000 11.000000 -18.000000 0.500000 0.000000 -1
0 -26.000000 11.000000 -18.000000 0.500000 0.000000 -1
0 -26.000000 -11.000000 -18.000000 0.625000 0.000000 -1
0 -30.000000 -12.000000 -13.000000 0.625000 0.000000 -1
0 -12.000000 -30.000000 -13.000000 0.750000 0.000000 -1
0 -30.000000 -12.000000 -13.000000 0.625000 0.000000 -1
0 -26.000000 -11.000000 -18.000000 0.625000 0.000000 -1
0 -26.000000 -11.000000 -18.000000 0.625000 0.000000 -1
0 -11.000000 -26.000000 -18.000000 0.750000 0.000000 -1
0 -12.000000 -30.000000 -13.000000 0.750000 0.000000 -1
0 -30.000000 -12.000000 13.000000 0.625000 1.000000 -1
0 -12.000000 -30.000000 13.000000 0.750000 1.000000 -1
0 -11.000000 -26.000000 18.000000 0.750000 1.000000 -1
0 -11.000000 -26.000000 18.000000 0.750000 1.000000 -1
0 -26.000000 -11.000000 18.000000 0.625000 1.000000 -1
0 -30.000000 -12.000000 13.000000 0.625000 1.000000 -1
0 -12.000000 -30.000000 13.000000 0.750000 1.000000 -1
0 12.000000 -30.000000 13.000000 0.875000 1.000000 -1
0 11.000000 -26.000000 18.000000 0.875000 1.000000 -1
0 11.000000 -26.000000 18.000000 0.875000 1.000000 -1
0 -11.000000 -26.000000 18.000000 0.750000 1.000000 -1
0 -12.000000 -30.000000 13.000000 0.750000 1.000000 -1
0 12.000000 -30.000000 -13.000000 0.875000 0.000000 -1
0 -12.000000 -30.000000 -13.000000 0.750000 0.000000 -1
0 -11.000000 -26.000000 -18.000000 0.750000 0.000000 -1
0 -11.000000 -26.000000 -18.000000 0.750000 0.000000 -1
0 11.000000 -26.000000 -18.000000 0.875000 0.000000 -1
0 12.000000 -30.000000 -13.000000 0.875000 0.000000 -1
0 30.000000 -12.000000 -13.000000 1.000000 0.000000 -1
0 12.000000 -30.000000 -13.000000 0.875000 0.000000 -1
0 11.000000 -26.000000 -18.000000 0.875000 0.000000 -1
0 11.000000 -26.000000 -18.000000 0.875000 0.000000 -1
0 26.000000 -11.000000 -18.000000 0.000000 0.000000 -1
0 30.000000 -12.000000 -13.000000 1.000000 0.000000 -1
0 12.000000 -30.000000 13.000000 0.875000 1.000000 -1
0 30.000000 -12.000000 13.000000 1.000000 1.000000 -1
0 26.000000 -11.000000 18.000000 0.000000 1.000000 -1
0 26.000000 -11.000000 18.000000 0.000000 1.000000 -1
0 11.000000 -26.000000 18.000000 0.875000 1.000000 -1
0 12.000000 -30.000000 13.000000 0.875000 1.000000 -1
0 -4.000000 -1.000000 -19.000000 0.000000 0.000000 -1
0 0.000000 -1.000000 -19.000000 0.000000 0.000000 -1
0 -4.000000 -3.000000 -19.000000 0.000000 0.000000 -1
0 0.000000 -1.000000 -19.000000 0.000000 0.000000 -1
0 -2.000000 -6.000000 -19.000000 0.000000 0.000000 -1
0 -4.000000 -3.000000 -19.000000 0.000000 0.000000 -1
0 0.000000 -9.000000 -19.000000 0.000000 0.000000 -1
0 -2.000000 -6.000000 -19.000000 0.000000 0.000000 -1
0 0.000000 -1.000000 -19.000000 0.000000 0.000000 -1
0 -5.000000 -9.000000 -19.000000 0.000000 0.000000 -1
0 -2.000000 -6.000000 -19.000000 0.000000 0.000000 -1
0 0.000000 -9.000000 -19.000000 0.000000 0.000000 -1
0 0.000000 -9.000000 -19.000000 0.000000 0.000000 -1
0 -3.000000 -12.000000 -19.000000 0.000000 0.000000 -1
0 -5.000000 -9.000000 -19.000000 0.000000 0.000000 -1
0 -3.000000 -12.000000 -19.000000 0.000000 0.000000 -1
0 -7.000000 -12.000000 -19.000000 0.000000 0.000000 -1
0 -5.000000 -9.000000 -19.000000 0.000000 0.000000 -1
0 -11.000000 -8.000000 -19.000000 0.000000 0.000000 -1
0 -9.000000 -5.000000 -19.000000 0.000000 0.000000 -1
0 -5.000000 -9.000000 -19.000000 0.000000 0.000000 -1
0 -5.000000 -9.000000 -19.000000 0.000000 0.000000 -1
0 -7.000000 -12.000000 -19.000000 0.000000 0.000000 -1
0 -11.000000 -8.000000 -19.000000 0.000000 0.000000 -1
0 3.000000 5.000000 -19.000000 0.000000 0.000000 -1
0 8.000000 10.000000 -19.000000 0.000000 0.000000 -1
0 8.000000 7.000000 -19.000000 0.000000 0.000000 -1
0 8.000000 7.000000 -19.000000 0.000000 0.000000 -1
0 4.000000 3.000000 -19.000000 0.000000 0.000000 -1
0 3.000000 5.000000 -19.000000 0.000000 0.000000 -1
0 12.000000 3.000000 -19.000000 0.000000 0.000000 -1
0 8.000000 7.000000 -19.000000 0.000000 0.000000 -1
0 13.000000 5.000000 -19.000000 0.000000 0.000000 -1
0 13.000000 5.000000 -19.000000 0.000000 0.000000 -1
0 8.000000 7.000000 -19.000000 0.000000 0.000000 -1
0 8.000000 10.000000 -19.000000 0.000000 0.000000 -1
0 4.000000 -3.000000 -19.000000 0.000000 0.000000 -1
0 0.000000 -1.000000 -19.000000 0.000000 0.000000 -1
0 4.000000 -1.000000 -19.000000 0.000000 0.000000 -1
0 4.000000 -3.000000 -19.000000 0.000000 0.000000 -1
0 2.000000 -6.000000 -19.000000 0.000000 0.000000 -1
0 0.000000 -1.000000 -19.000000 0.000000 0.000000 -1
0 0.000000 -1.000000 -19.000000 0.000000 0.000000 -1
0 2.000000 -6.000000 -19.000000 0.000000 0.000000 -1
0 0.000000 -9.000000 -19.000000 0.000000 0.000000 -1
0 0.000000 -9.000000 -19.000000 0.000000 0.000000 -1
0 2.000000 -6.000000 -19.000000 0.000000 0.000000 -1
0 5.000000 -9.000000 -19.000000 0.000000 0.000000 -1
0 5.000000 -9.000000 -19.000000 0.000000 0.000000 -1
0 3.000000 -12.000000 -19.000000 0.000000 0.000000 -1
0 0.000000 -9.000000 -19.000000 0.000000 0.000000 -1
0 5.000000 -9.000000 -19.000000 0.000000 0.000000 -1
0 7.000000 -12.000000 -19.000000 0.000000 0.000000 -1
0 3.000000 -12.000000 -19.000000 0.000000 0.000000 -1
0 5.000000 -9.000000 -19.000000 0.000000 0.000000 -1
0 9.000000 -5.000000 -19.000000 0.000000 0.000000 -1
0 11.000000 -8.000000 -19.000000 0.000000 0.000000 -1
0 11.000000 -8.000000 -19.000000 0.000000 0.000000 -1
0 7.000000 -12.000000 -19.000000 0.000000 0.000000 -1
0 5.000000 -9.000000 -19.000000 0.000000 0.000000 -1
0 -8.000000 7.000000 -19.000000 0.000000 0.000000 -1
0 -8.000000 10.000000 -19.000000 0.000000 0.000000 -1
0 -3.000000 5.000000 -19.000000 0.000000 0.000000 -1
0 -3.000000 5.000000 -19.000000 0.000000 0.000000 -1
0 -4.000000 3.000000 -19.000000 0.000000 0.000000 -1
0 -8.000000 7.000000 -19.000000 0.000000 0.000000 -1
0 -13.000000 5.000000 -19.000000 0.000000 0.000000 -1
0 -8.000000 7.000000 -19.000000 0.000000 0.000000 -1
0 -12.000000 3.000000 -19.000000 0.000000 0.000000 -1
0 -8.000000 10.000000 -19.000000 0.000000 0.000000 -1
0 -8.000000 7.000000 -19.000000 0.000000 0.000000 -1
0 -13.000000 5.000000 -19.000000 0.000000 0.000000 -1
0 8.000000 7.000000 19.000000 0.000000 0.000000 -1
0 8.000000 10.000000 19.000000 0.000000 0.000000 -1
0 3.000000 5.000000 19.000000 0.000000 0.000000 -1
0 3.000000 5.000000 19.000000 0.000000 0.000000 -1
0 4.000000 3.000000 19.000000 0.000000 0.000000 -1
0 8.000000 7.000000 19.000000 0.000000 0.000000 -1
0 13.000000 5.000000 19.000000 0.000000 0.000000 -1
0 8.000000 7.000000 19.000000 0.000000 0.000000 -1
0 12.000000 3.000000 19.000000 0.000000 0.000000 -1
0 8.000000 10.000000 19.000000 0.000000 0.000000 -1
0 8.000000 7.000000 19.000000 0.000000 0.000000 -1
0 13.000000 5.000000 19.000000 0.000000 0.000000 -1
0 4.000000 -1.000000 19.000000 0.000000 0.000000 -1
0 0.000000 -1.000000 19.000000 0.000000 0.000000 -1
0 4.000000 -3.000000 19.000000 0.000000 0.000000 -1
0 0.000000 -1.000000 19.000000 0.000000 0.000000 -1
0 2.000000 -6.000000 19.000000 0.000000 0.000000 -1
0 4.000000 -3.000000 19.000000 0.000000 0.000000 -1
0 0.000000 -9.000000 19.000000 0.000000 0.000000 -1
0 2.000000 -6.000000 19.000000 0.000000 0.000000 -1
0 0.000000 -1.000000 19.000000 0.000000 0.000000 -1
0 5.000000 -9.000000 19.000000 0.000000 0.000000 -1
0 2.000000 -6.000000 19.000000 0.000000 0.000000 -1
0 0.000000 -9.000000 19.000000 0.000000 0.000000 -1
0 0.000000 -9.000000 19.000000 0.000000 0.000000 -1
0 3.000000 -12.000000 19.000000 0.000000 0.000000 -1
0 5.000000 -9.000000 19.000000 0.000000 0.000000 -1
0 3.000000 -12.000000 19.000000 0.000000 0.000000 -1
0 7.000000 -12.000000 19.000000 0.000000 0.000000 -1
0 5.000000 -9.000000 19.000000 0.000000 0.000000 -1
0 11.000000 -8.000000 19.000000 0.000000 0.000000 -1
0 9.000000 -5.000000 19.000000 0.000000 0.000000 -1
0 5.000000 -9.000000 19.000000 0.000000 0.000000 -1
0 5.000000 -9.000000 19.000000 0.000000 0.000000 -1
0 7.000000 -12.000000 19.000000 0.000000 0.000000 -1
0 11.000000 -8.000000 19.000000 0.000000 0.000000 -1
0 -4.000000 -3.000000 19.000000 0.000000 0.000000 -1
0 0.000000 -1.000000 19.000000 0.000000 0.000000 -1
0 -4.000000 -1.000000 19.000000 0.000000 0.000000 -1
0 -4.000000 -3.000000 19.000000 0.000000 0.000000 -1
0 -2.000000 -6.000000 19.000000 0.000000 0.000000 -1
0 0.000000 -1.000000 19.000000 0.000000 0.000000 -1
0 0.000000 -1.000000 19.000000 0.000000 0.000000 -1
0 -2.000000 -6.000000 19.000000 0.000000 0.000000 -1
0 0.000000 -9.000000 19.000000 0.000000 0.000000 -1
0 0.000000 -9.000000 19.000000 0.000000 0.000000 -1
0 -2.000000 -6.000000 19.000000 0.000000 0.000000 -1
0 -5.000000 -9.000000 19.000000 0.000000 0.000000 -1
0 -5.000000 -9.000000 19.000000 0.000000 0.000000 -1
0 -3.000000 -12.000000 19.000000 0.000000 0.000000 -1
0 0.000000 -9.000000 19.000000 0.000000 0.000000 -1
0 -5.000000 -9.000000 19.000000 0.000000 0.000000 -1
0 -7.000000 -12.000000 19.000000 0.000000 0.000000 -1
0 -3.000000 -12.000000 19.000000 0.000000 0.000000 -1
0 -5.000000 -9.000000 19.000000 0.000000 0.000000 -1
0 -9.000000 -5.000000 19.000000 0.000000 0.000000 -1
0 -11.000000 -8.000000 19.000000 0.000000 0.000000 -1
0 -11.000000 -8.000000 19.000000 0.000000 0.000000 -1
0 -7.000000 -12.000000 19.000000 0.000000 0.000000 -1
0 -5.000000 -9.000000 19.000000 0.000000 0.000000 -1
0 -3.000000 5.000000 19.000000 0.000000 0.000000 -1
0 -8.000000 10.000000 19.000000 0.000000 0.000000 -1
0 -8.000000 7.000000 19.000000 0.000000 0.000000 -1
0 -8.000000 7.000000 19.000000 0.000000 0.000000 -1
0 -4.000000 3.000000 19.000000 0.000000 0.000000 -1
0 -3.000000 5.000000 19.000000 0.000000 0.000000 -1
0 -12.000000 3.000000 19.000000 0.000000 0.000000 -1
0 -8.000000 7.000000 19.000000 0.000000 0.000000 -1
0 -13.000000 5.000000 19.000000 0.000000 0.000000 -1
0 -13.000000 5.000000 19.000000 0.000000 0.000000 -1
0 -8.000000 7.000000 19.000000 0.000000 0.000000 -1
0 -8.000000 10.000000 19.000000 0.000000 0.000000 -1
18
0.780869 0.000000 0.624695
0.780869 0.000000 -0.624695
0.577350 0.577350 -0.577350
0.577350 0.577350 0.577350
0.000000 0.780869 0.624695
0.000000 0.780869 -0.624695
-0.577350 0.577350 -0.577350
-0.577350 0.577350 0.577350
-0.780869 0.000000 0.624695
-0.780869 0.000000 -0.624695
-0.577350 -0.577350 -0.577350
-0.577350 -0.577350 0.577350
0.000000 -0.780869 0.624695
0.000000 -0.780869 -0.624695
0.577350 -0.577350 -0.577350
0.577350 -0.577350 0.577350
0.000000 0.000000 -1.000000
0.000000 0.000000 1.000000
80
0 0 1 2 0 0 0 1
0 3 4 5 0 0 0 1
0 6 7 8 1 1 1 1
0 9 10 11 1 1 1 1
0 12 13 14 2 2 2 1
0 15 16 17 2 2 2 1
0 18 19 20 3 3 3 1
0 21 22 23 3 3 3 1
0 24 25 26 4 4 4 1
0 27 28 29 4 4 4 1
0 30 31 32 5 5 5 1
0 33 34 35 5 5 5 1
0 36 37 38 6 6 6 1
0 39 40 41 6 6 6 1
0 42 43 44 7 7 7 1
0 45 46 47 7 7 7 1
0 48 49 50 8 8 8 1
0 51 52 53 8 8 8 1
0 54 55 56 9 9 9 1
0 57 58 59 9 9 9 1
0 60 61 62 10 10 10 1
0 63 64 65 10 10 10 1
0 66 67 68 11 11 11 1
0 69 70 71 11 11 11 1
0 72 73 74 12 12 12 1
0 75 76 77 12 12 12 1
0 78 79 80 13 13 13 1
0 81 82 83 13 13 13 1
0 84 85 86 14 14 14 1
0 87 88 89 14 14 14 1
0 90 91 92 15 15 15 1
0 93 94 95 15 15 15 1
0 96 97 98 16 16 16 1
0 99 100 101 16 16 16 1
0 102 103 104 16 16 16 1
0 105 106 107 16 16 16 1
0 108 109 110 16 16 16 1
0 111 112 113 16 16 16 1
0 114 115 116 16 16 16 1
0 117 118 119 16 16 16 1
0 120 121 122 16 16 16 1
0 123 124 125 16 16 16 1
0 126 127 128 16 16 16 1
0 129 130 131 16 16 16 1
0 132 133 134 16 16 16 1
0 135 136 137 16 16 16 1
0 138 139 140 16 16 16 1
0 141 142 143 16 16 16 1
0 144 145 146 16 16 16 1
0 147 148 149 16 16 16 1
0 150 151 152 16 16 16 1
0 153 154 155 16 16 16 1
0 156 157 158 16 16 16 1
0 159 160 161 16 16 16 1
0 162 163 164 16 16 16 1
0 165 166 167 16 16 16 1
0 168 169 170 17 17 17 1
0 171 172 173 17 17 17 1
0 174 175 176 17 17 17 1
0 177 178 179 17 17 17 1
0 180 181 182 17 17 17 1
0 183 184 185 17 17 17 1
0 186 187 188 17 17 17 1
0 189 190 191 17 17 17 1
0 192 193 194 17 17 17 1
0 195 196 197 17 17 17 1
0 198 199 200 17 17 17 1
0 201 202 203 17 17 17 1
0 204 205 206 17 17 17 1
0 207 208 209 17 17 17 1
0 210 211 212 17 17 17 1
0 213 214 215 17 17 17 1
0 216 217 218 17 17 17 1
0 219 220 221 17 17 17 1
0 222 223 224 17 17 17 1
0 225 226 227 17 17 17 1
0 228 229 230 17 17 17 1
0 231 232 233 17 17 17 1
0 234 235 236 17 17 17 1
0 237 238 239 17 17 17 1
"White" 0 2
144
0 30.000000 -12.000000 13.000000 0.000000 1.000000 -1
0 30.000000 -12.000000 -13.000000 0.000000 0.000000 -1
0 30.000000 12.000000 13.000000 0.125000 1.000000 -1
0 30.000000 -12.000000 -13.000000 0.000000 0.000000 -1
0 30.000000 12.000000 -13.000000 0.125000 0.000000 -1
0 30.000000 12.000000 13.000000 0.125000 1.000000 -1
0 30.000000 12.000000 13.000000 0.125000 1.000000 -1
0 30.000000 12.000000 -13.000000 0.125000 0.000000 -1
0 12.000000 30.000000 -13.000000 0.250000 0.000000 -1
0 30.000000 12.000000 13.000000 0.125000 1.000000 -1
0 12.000000 30.000000 -13.000000 0.250000 0.000000 -1
0 12.000000 30.000000 13.000000 0.250000 1.000000 -1
0 12.000000 30.000000 13.000000 0.250000 1.000000 -1
0 12.000000 30.000000 -13.000000 0.250000 0.000000 -1
0 -12.000000 30.000000 13.000000 0.375000 1.000000 -1
0 12.000000 30.000000 -13.000000 0.250000 0.000000 -1
0 -12.000000 30.000000 -13.000000 0.375000 0.000000 -1
0 -12.000000 30.000000 13.000000 0.375000 1.000000 -1
0 -12.000000 30.000000 13.000000 0.375000 1.000000 -1
0 -12.000000 30.000000 -13.000000 0.375000 0.000000 -1
0 -30.000000 12.000000 -13.000000 0.500000 0.000000 -1
0 -12.000000 30.000000 13.000000 0.375000 1.000000 -1
0 -30.000000 12.000000 -13.000000 0.500000 0.000000 -1
0 -30.000000 12.000000 13.000000 0.500000 1.000000 -1
0 -30.000000 12.000000 13.000000 0.500000 1.000000 -1
0 -30.000000 12.000000 -13.000000 0.500000 0.000000 -1
0 -30.000000 -12.000000 13.000000 0.625000 1.000000 -1
0 -30.000000 12.000000 -13.000000 0.500000 0.000000 -1
0 -30.000000 -12.000000 -13.000000 0.625000 0.000000 -1
0 -30.000000 -12.000000 13.000000 0.625000 1.000000 -1
0 -30.000000 -12.000000 13.000000 0.625000 1.000000 -1
0 -30.000000 -12.000000 -13.000000 0.625000 0.000000 -1
0 -12.000000 -30.000000 -13.000000 0.750000 0.000000 -1
0 -30.000000 -12.000000 13.000000 0.625000 1.000000 -1
0 -12.000000 -30.000000 -13.000000 0.750000 0.000000 -1
0 -12.000000 -30.000000 13.000000 0.750000 1.000000 -1
0 -12.000000 -30.000000 13.000000 0.750000 1.000000 -1
0 -12.000000 -30.000000 -13.000000 0.750000 0.000000 -1
0 12.000000 -30.000000 13.000000 0.875000 1.000000 -1
0 -12.000000 -30.000000 -13.000000 0.750000 0.000000 -1
0 12.000000 -30.000000 -13.000000 0.875000 0.000000 -1
0 12.000000 -30.000000 13.000000 0.875000 1.000000 -1
0 12.000000 -30.000000 13.000000 0.875000 1.000000 -1
0 12.000000 -30.000000 -13.000000 0.875000 0.000000 -1
0 30.000000 -12.000000 -13.000000 1.000000 0.000000 -1
0 12.000000 -30.000000 13.000000 0.875000 1.000000 -1
0 30.000000 -12.000000 -13.000000 1.000000 0.000000 -1
0 30.000000 -12.000000 13.000000 1.000000 1.000000 -1
0 26.000000 -11.000000 18.000000 0.000000 1.000000 -1
0 26.000000 11.000000 18.000000 0.125000 1.000000 -1
0 22.000000 9.000000 19.000000 0.125000 1.000000 -1
0 22.000000 9.000000 19.000000 0.125000 1.000000 -1
0 22.000000 -9.000000 19.000000 0.000000 1.000000 -1
0 26.000000 -11.000000 18.000000 0.000000 1.000000 -1
0 26.000000 11.000000 -18.000000 0.125000 0.000000 -1
0 26.000000 -11.000000 -18.000000 0.000000 0.000000 -1
0 22.000000 -9.000000 -19.000000 0.000000 0.000000 -1
0 22.000000 -9.000000 -19.000000 0.000000 0.000000 -1
0 22.000000 9.000000 -19.000000 0.125000 0.000000 -1
0 26.000000 11.000000 -18.000000 0.125000 0.000000 -1
0 11.000000 26.000000 -18.000000 0.250000 0.000000 -1
0 26.000000 11.000000 -18.000000 0.125000 0.000000 -1
0 22.000000 9.000000 -19.000000 0.125000 0.000000 -1
0 22.000000 9.000000 -19.000000 0.125000 0.000000 -1
0 9.000000 21.000000 -19.000000 0.250000 0.000000 -1
0 11.000000 26.000000 -18.000000 0.250000 0.000000 -1
0 26.000000 11.000000 18.000000 0.125000 1.000000 -1
0 11.000000 26.000000 18.000000 0.250000 1.000000 -1
0 9.000000 21.000000 19.000000 0.250000 1.000000 -1
0 9.000000 21.000000 19.000000 0.250000 1.000000 -1
0 22.000000 9.000000 19.000000 0.125000 1.000000 -1
0 26.000000 11.000000 18.000000 0.125000 1.000000 -1
0 11.000000 26.000000 18.000000 0.250000 1.000000 -1
0 -11.000000 26.000000 18.000000 0.375000 1.000000 -1
0 -9.000000 21.000000 19.000000 0.375000 1.000000 -1
0 -9.000000 21.000000 19.000000 0.375000 1.000000 -1
0 9.000000 21.000000 19.000000 0.250000 1.000000 -1
0 11.000000 26.000000 18.000000 0.250000 1.000000 -1
0 -11.000000 26.000000 -18.000000 0.375000 0.000000 -1
0 11.000000 26.000000 -18.000000 0.250000 0.000000 -1
0 9.000000 21.000000 -19.000000 0.250000 0.000000 -1
0 9.000000 21.000000 -19.000000 0.250000 0.000000 -1
0 -9.000000 21.000000 -19.000000 0.375000 0.000000 -1
0 -11.000000 26.000000 -18.000000 0.375000 0.000000 -1
0 -26.000000 11.000000 -18.000000 0.500000 0.000000 -1
0 -11.000000 26.000000 -18.000000 0.375000 0.000000 -1
0 -9.000000 21.000000 -19.000000 0.375000 0.000000 -1
0 -9.000000 21.000000 -19.000000 0.375000 0.000000 -1
0 -22.000000 9.000000 -19.000000 0.500000 0.000000 -1
0 -26.000000 11.000000 -18.000000 0.500000 0.000000 -1
0 -11.000000 26.000000 18.000000 0.375000 1.000000 -1
0 -26.000000 11.000000 18.000000 0.500000 1.000000 -1
0 -22.000000 9.000000 19.000000 0.500000 1.000000 -1
0 -22.000000 9.000000 19.000000 0.500000 1.000000 -1
0 -9.000000 21.000000 19.000000 0.375000 1.000000 -1
0 -11.000000 26.000000 18.000000 0.375000 1.000000 -1
0 -26.000000 11.000000 18.000000 0.500000 1.000000 -1
0 -26.000000 -11.000000 18.000000 0.625000 1.000000 -1
0 -22.000000 -9.000000 19.000000 0.625000 1.000000 -1
0 -22.000000 -9.000000 19.000000 0.625000 1.000000 -1
0 -22.000000 9.000000 19.000000 0.500000 1.000000 -1
0 -26.000000 11.000000 18.000000 0.500000 1.000000 -1
0 -26.000000 -11.000000 -18.000000 0.625000 0.000000 -1
0 -26.000000 11.000000 -18.000000 0.500000 0.000000 -1
0 -22.000000 9.000000 -19.000000 0.500000 0.000000 -1
0 -22.000000 9.000000 -19.000000 0.500000 0.000000 -1
0 -22.000000 -9.000000 -19.000000 0.625000 0.000000 -1
0 -26.000000 -11.000000 -18.000000 0.625000 0.000000 -1
0 -11.000000 -26.000000 -18.000000 0.750000 0.000000 -1
0 -26.000000 -11.000000 -18.000000 0.625000 0.000000 -1
0 -22.000000 -9.000000 -19.000000 0.625000 0.000000 -1
0 -22.000000 -9.000000 -19.000000 0.625000 0.000000 -1
0 -9.000000 -22.000000 -19.000000 0.750000 0.000000 -1
0 -11.000000 -26.000000 -18.000000 0.750000 0.000000 -1
0 -26.000000 -11.000000 18.000000 0.625000 1.000000 -1
0 -11.000000 -26.000000 18.000000 0.750000 1.000000 -1
0 -9.000000 -22.000000 19.000000 0.750000 1.000000 -1
0 -9.000000 -22.000000 19.000000 0.750000 1.000000 -1
0 -22.000000 -9.000000 19.000000 0.625000 1.000000 -1
0 -26.000000 -11.000000 18.000000 0.625000 1.000000 -1
0 -11.000000 -26.000000 18.000000 0.750000 1.000000 -1
0 11.000000 -26.000000 18.000000 0.875000 1.000000 -1
0 9.000000 -22.000000 19.000000 0.875000 1.000000 -1
0 9.000000 -22.000000 19.000000 0.875000 1.000000 -1
0 -9.000000 -22.000000 19.000000 0.750000 1.000000 -1
0 -11.000000 -26.000000 18.000000 0.750000 1.000000 -1
0 11.000000 -26.000000 -18.000000 0.875000 0.000000 -1
0 -11.000000 -26.000000 -18.000000 0.750000 0.000000 -1
0 -9.000000 -22.000000 -19.000000 0.750000 0.000000 -1
0 -9.000000 -22.000000 -19.000000 0.750000 0.000000 -1
0 9.000000 -22.000000 -19.000000 0.875000 0.000000 -1
0 11.000000 -26.000000 -18.000000 0.875000 0.000000 -1
0 26.000000 -11.000000 -18.000000 0.000000 0.000000 -1
0 11.000000 -26.000000 -18.000000 0.875000 0.000000 -1
0 9.000000 -22.000000 -19.000000 0.875000 0.000000 -1
0 9.000000 -22.000000 -19.000000 0.875000 0.000000 -1
0 22.000000 -9.000000 -19.000000 0.000000 0.000000 -1
0 26.000000 -11.000000 -18.000000 0.000000 0.000000 -1
0 11.000000 -26.000000 18.000000 0.875000 1.000000 -1
0 26.000000 -11.000000 18.000000 0.000000 1.000000 -1
0 22.000000 -9.000000 19.000000 0.000000 1.000000 -1
0 22.000000 -9.000000 19.000000 0.000000 1.000000 -1
0 9.000000 -22.000000 19.000000 0.875000 1.000000 -1
0 11.000000 -26.000000 18.000000 0.875000 1.000000 -1
44
1.000000 0.000000 0.000000
0.707107 0.707107 0.000000
0.000000 1.000000 0.000000
-0.707107 0.707107 0.000000
-1.000000 0.000000 0.000000
-0.707107 -0.707107 0.000000
0.000000 -1.000000 0.000000
0.707107 -0.707107 0.000000
0.242536 0.000000 0.970142
0.215135 0.057185 0.974909
0.189685 -0.108544 0.975827
0.242536 0.000000 -0.970142
0.216554 -0.054272 -0.974761
0.179669 0.102209 -0.978403
0.147257 0.152768 -0.977229
0.162221 0.162221 -0.973329
0.044181 0.178902 -0.982874
0.148897 0.155470 0.976555
0.140028 0.140028 0.980196
0.099523 0.169470 0.980497
0.000000 0.196116 0.980581
-0.044181 0.178902 0.982874
0.000000 0.196116 -0.980581
-0.099523 0.169470 -0.980497
-0.148897 0.155470 -0.976555
-0.140028 0.140028 -0.980196
-0.215135 0.057185 -0.974909
-0.147257 0.152768 0.977229
-0.162221 0.162221 0.973329
-0.179669 0.102209 0.978403
-0.242536 0.000000 0.970142
-0.216554 -0.054272 0.974761
-0.242536 0.000000 -0.970142
-0.189685 -0.108544 -0.975827
-0.162221 -0.162221 -0.973329
-0.054272 -0.216554 -0.974761
-0.162221 -0.162221 0.973329
-0.108544 -0.189685 0.975827
0.000000 -0.242536 0.970142
0.054272 -0.216554 0.974761
0.000000 -0.242536 -0.970142
0.108544 -0.189685 -0.975827
0.162221 -0.162221 -0.973329
0.162221 -0.162221 0.973329
48
0 0 1 2 0 0 0 1
0 3 4 5 0 0 0 1
0 6 7 8 1 1 1 1
0 9 10 11 1 1 1 1
0 12 13 14 2 2 2 1
0 15 16 17 2 2 2 1
0 18 19 20 3 3 3 1
0 21 22 23 3 3 3 1
0 24 25 26 4 4 4 1
0 27 28 29 4 4 4 1
0 30 31 32 5 5 5 1
0 33 34 35 5 5 5 1
0 36 37 38 6 6 6 1
0 39 40 41 6 6 6 1
0 42 43 44 7 7 7 1
0 45 46 47 7 7 7 1
0 48 49 50 8 8 9 1
0 51 52 53 9 10 8 1
0 54 55 56 11 11 12 1
0 57 58 59 12 13 11 1
0 60 61 62 14 15 13 1
0 63 64 65 13 16 14 1
0 66 67 68 17 18 19 1
0 69 70 71 19 9 17 1
0 72 73 74 20 20 21 1
0 75 76 77 21 19 20 1
0 78 79 80 22 22 16 1
0 81 82 83 16 23 22 1
0 84 85 86 24 25 23 1
0 87 88 89 23 26 24 1
0 90 91 92 27 28 29 1
0 93 94 95 29 21 27 1
0 96 97 98 30 30 31 1
0 99 100 101 31 29 30 1
0 102 103 104 32 32 26 1
0 105 106 107 26 33 32 1
0 108 109 110 34 34 33 1
0 111 112 113 33 35 34 1
0 114 115 116 36 36 37 1
0 117 118 119 37 31 36 1
0 120 121 122 38 38 39 1
0 123 124 125 39 37 38 1
0 126 127 128 40 40 35 1
0 129 130 131 35 41 40 1
0 132 133 134 42 42 41 1
0 135 136 137 41 12 42 1
0 138 139 140 43 43 10 1
0 141 142 143 10 39 43 1

Materials: 3
"Color"
1.000000 1.000000 1.000000 1.000000
1.000000 1.000000 1.000000 1.000000
1.000000 1.000000 1.000000 1.000000
0.000000 0.000000 0.000000 1.000000
128.000000
1.000000
"..\..\..\taiko\TaiTai3d\_RES\Red.png"
""
"Black"
1.000000 1.000000 1.000000 1.000000
1.000000 1.000000 1.000000 1.000000
1.000000 1.000000 1.000000 1.000000
0.000000 0.000000 0.000000 1.000000
125.000000
1.000000
"..\..\..\taiko\TaiTai3d\_RES\Black.png"
""
"White"
1.000000 1.000000 1.000000 1.000000
1.000000 1.000000 1.000000 1.000000
1.000000 1.000000 1.000000 1.000000
0.000000 0.000000 0.000000 1.000000
125.000000
1.000000
"..\..\..\taiko\TaiTai3d\_RES\White.png"
""

Bones: 0
GroupComments: 0
MaterialComments: 0
BoneComments: 0
ModelComment: 0
