// MilkShape 3D ASCII

Frames: 30
Frame: 1

Meshes: 3
"Outer" 0 1
192
1 15.000000 38.000000 2.000000 0.000000 0.000000 -1
1 -15.000000 38.000000 2.000000 0.000000 0.000000 -1
1 -13.000000 34.000000 2.000000 0.000000 0.000000 -1
1 13.000000 34.000000 2.000000 0.000000 0.000000 -1
1 15.000000 38.000000 2.000000 0.000000 0.000000 -1
1 -13.000000 34.000000 2.000000 0.000000 0.000000 -1
1 15.000000 38.000000 2.000000 0.000000 0.000000 -1
1 13.000000 34.000000 2.000000 0.000000 0.000000 -1
1 38.000000 15.000000 2.000000 0.000000 0.000000 -1
1 38.000000 15.000000 2.000000 0.000000 0.000000 -1
1 13.000000 34.000000 2.000000 0.000000 0.000000 -1
1 34.000000 13.000000 2.000000 0.000000 0.000000 -1
1 38.000000 15.000000 2.000000 0.000000 0.000000 -1
1 34.000000 13.000000 2.000000 0.000000 0.000000 -1
1 34.000000 -13.000000 2.000000 0.000000 0.000000 -1
1 34.000000 -13.000000 2.000000 0.000000 0.000000 -1
1 38.000000 -15.000000 2.000000 0.000000 0.000000 -1
1 38.000000 15.000000 2.000000 0.000000 0.000000 -1
1 38.000000 -15.000000 2.000000 0.000000 0.000000 -1
1 34.000000 -13.000000 2.000000 0.000000 0.000000 -1
1 13.000000 -34.000000 2.000000 0.000000 0.000000 -1
1 13.000000 -34.000000 2.000000 0.000000 0.000000 -1
1 15.000000 -38.000000 2.000000 0.000000 0.000000 -1
1 38.000000 -15.000000 2.000000 0.000000 0.000000 -1
1 15.000000 -38.000000 2.000000 0.000000 0.000000 -1
1 -13.000000 -34.000000 2.000000 0.000000 0.000000 -1
1 -15.000000 -38.000000 2.000000 0.000000 0.000000 -1
1 13.000000 -34.000000 2.000000 0.000000 0.000000 -1
1 -13.000000 -34.000000 2.000000 0.000000 0.000000 -1
1 15.000000 -38.000000 2.000000 0.000000 0.000000 -1
1 -15.000000 -38.000000 2.000000 0.000000 0.000000 -1
1 -13.000000 -34.000000 2.000000 0.000000 0.000000 -1
1 -34.000000 -13.000000 2.000000 0.000000 0.000000 -1
1 -34.000000 -13.000000 2.000000 0.000000 0.000000 -1
1 -38.000000 -15.000000 2.000000 0.000000 0.000000 -1
1 -15.000000 -38.000000 2.000000 0.000000 0.000000 -1
1 -38.000000 -15.000000 2.000000 0.000000 0.000000 -1
1 -34.000000 -13.000000 2.000000 0.000000 0.000000 -1
1 -34.000000 13.000000 2.000000 0.000000 0.000000 -1
1 -34.000000 13.000000 2.000000 0.000000 0.000000 -1
1 -38.000000 15.000000 2.000000 0.000000 0.000000 -1
1 -38.000000 -15.000000 2.000000 0.000000 0.000000 -1
1 -38.000000 15.000000 2.000000 0.000000 0.000000 -1
1 -34.000000 13.000000 2.000000 0.000000 0.000000 -1
1 -13.000000 34.000000 2.000000 0.000000 0.000000 -1
1 -13.000000 34.000000 2.000000 0.000000 0.000000 -1
1 -15.000000 38.000000 2.000000 0.000000 0.000000 -1
1 -38.000000 15.000000 2.000000 0.000000 0.000000 -1
1 -15.000000 38.000000 2.000000 0.000000 0.000000 -1
1 15.000000 38.000000 2.000000 0.000000 0.000000 -1
1 15.000000 38.000000 -2.000000 0.000000 0.000000 -1
1 15.000000 38.000000 -2.000000 0.000000 0.000000 -1
1 -15.000000 38.000000 -2.000000 0.000000 0.000000 -1
1 -15.000000 38.000000 2.000000 0.000000 0.000000 -1
1 13.000000 34.000000 2.000000 0.000000 0.000000 -1
1 -13.000000 34.000000 2.000000 0.000000 0.000000 -1
1 -13.000000 34.000000 -2.000000 0.000000 0.000000 -1
1 -13.000000 34.000000 -2.000000 0.000000 0.000000 -1
1 13.000000 34.000000 -2.000000 0.000000 0.000000 -1
1 13.000000 34.000000 2.000000 0.000000 0.000000 -1
1 15.000000 38.000000 2.000000 0.000000 0.000000 -1
1 38.000000 15.000000 2.000000 0.000000 0.000000 -1
1 38.000000 15.000000 -2.000000 0.000000 0.000000 -1
1 38.000000 15.000000 -2.000000 0.000000 0.000000 -1
1 15.000000 38.000000 -2.000000 0.000000 0.000000 -1
1 15.000000 38.000000 2.000000 0.000000 0.000000 -1
1 34.000000 13.000000 2.000000 0.000000 0.000000 -1
1 13.000000 34.000000 2.000000 0.000000 0.000000 -1
1 13.000000 34.000000 -2.000000 0.000000 0.000000 -1
1 13.000000 34.000000 -2.000000 0.000000 0.000000 -1
1 34.000000 13.000000 -2.000000 0.000000 0.000000 -1
1 34.000000 13.000000 2.000000 0.000000 0.000000 -1
1 34.000000 -13.000000 2.000000 0.000000 0.000000 -1
1 34.000000 13.000000 2.000000 0.000000 0.000000 -1
1 34.000000 13.000000 -2.000000 0.000000 0.000000 -1
1 34.000000 13.000000 -2.000000 0.000000 0.000000 -1
1 34.000000 -13.000000 -2.000000 0.000000 0.000000 -1
1 34.000000 -13.000000 2.000000 0.000000 0.000000 -1
1 38.000000 15.000000 2.000000 0.000000 0.000000 -1
1 38.000000 -15.000000 2.000000 0.000000 0.000000 -1
1 38.000000 -15.000000 -2.000000 0.000000 0.000000 -1
1 38.000000 -15.000000 -2.000000 0.000000 0.000000 -1
1 38.000000 15.000000 -2.000000 0.000000 0.000000 -1
1 38.000000 15.000000 2.000000 0.000000 0.000000 -1
1 13.000000 -34.000000 2.000000 0.000000 0.000000 -1
1 34.000000 -13.000000 2.000000 0.000000 0.000000 -1
1 34.000000 -13.000000 -2.000000 0.000000 0.000000 -1
1 34.000000 -13.000000 -2.000000 0.000000 0.000000 -1
1 13.000000 -34.000000 -2.000000 0.000000 0.000000 -1
1 13.000000 -34.000000 2.000000 0.000000 0.000000 -1
1 38.000000 -15.000000 2.000000 0.000000 0.000000 -1
1 15.000000 -38.000000 2.000000 0.000000 0.000000 -1
1 15.000000 -38.000000 -2.000000 0.000000 0.000000 -1
1 15.000000 -38.000000 -2.000000 0.000000 0.000000 -1
1 38.000000 -15.000000 -2.000000 0.000000 0.000000 -1
1 38.000000 -15.000000 2.000000 0.000000 0.000000 -1
1 15.000000 -38.000000 2.000000 0.000000 0.000000 -1
1 -15.000000 -38.000000 2.000000 0.000000 0.000000 -1
1 -15.000000 -38.000000 -2.000000 0.000000 0.000000 -1
1 -15.000000 -38.000000 -2.000000 0.000000 0.000000 -1
1 15.000000 -38.000000 -2.000000 0.000000 0.000000 -1
1 15.000000 -38.000000 2.000000 0.000000 0.000000 -1
1 -13.000000 -34.000000 2.000000 0.000000 0.000000 -1
1 13.000000 -34.000000 2.000000 0.000000 0.000000 -1
1 13.000000 -34.000000 -2.000000 0.000000 0.000000 -1
1 13.000000 -34.000000 -2.000000 0.000000 0.000000 -1
1 -13.000000 -34.000000 -2.000000 0.000000 0.000000 -1
1 -13.000000 -34.000000 2.000000 0.000000 0.000000 -1
1 -34.000000 -13.000000 2.000000 0.000000 0.000000 -1
1 -13.000000 -34.000000 2.000000 0.000000 0.000000 -1
1 -13.000000 -34.000000 -2.000000 0.000000 0.000000 -1
1 -13.000000 -34.000000 -2.000000 0.000000 0.000000 -1
1 -34.000000 -13.000000 -2.000000 0.000000 0.000000 -1
1 -34.000000 -13.000000 2.000000 0.000000 0.000000 -1
1 -15.000000 -38.000000 2.000000 0.000000 0.000000 -1
1 -38.000000 -15.000000 2.000000 0.000000 0.000000 -1
1 -38.000000 -15.000000 -2.000000 0.000000 0.000000 -1
1 -38.000000 -15.000000 -2.000000 0.000000 0.000000 -1
1 -15.000000 -38.000000 -2.000000 0.000000 0.000000 -1
1 -15.000000 -38.000000 2.000000 0.000000 0.000000 -1
1 -34.000000 13.000000 2.000000 0.000000 0.000000 -1
1 -34.000000 -13.000000 2.000000 0.000000 0.000000 -1
1 -34.000000 -13.000000 -2.000000 0.000000 0.000000 -1
1 -34.000000 -13.000000 -2.000000 0.000000 0.000000 -1
1 -34.000000 13.000000 -2.000000 0.000000 0.000000 -1
1 -34.000000 13.000000 2.000000 0.000000 0.000000 -1
1 -38.000000 -15.000000 2.000000 0.000000 0.000000 -1
1 -38.000000 15.000000 2.000000 0.000000 0.000000 -1
1 -38.000000 15.000000 -2.000000 0.000000 0.000000 -1
1 -38.000000 15.000000 -2.000000 0.000000 0.000000 -1
1 -38.000000 -15.000000 -2.000000 0.000000 0.000000 -1
1 -38.000000 -15.000000 2.000000 0.000000 0.000000 -1
1 -13.000000 34.000000 2.000000 0.000000 0.000000 -1
1 -34.000000 13.000000 2.000000 0.000000 0.000000 -1
1 -34.000000 13.000000 -2.000000 0.000000 0.000000 -1
1 -34.000000 13.000000 -2.000000 0.000000 0.000000 -1
1 -13.000000 34.000000 -2.000000 0.000000 0.000000 -1
1 -13.000000 34.000000 2.000000 0.000000 0.000000 -1
1 -38.000000 15.000000 2.000000 0.000000 0.000000 -1
1 -15.000000 38.000000 2.000000 0.000000 0.000000 -1
1 -15.000000 38.000000 -2.000000 0.000000 0.000000 -1
1 -15.000000 38.000000 -2.000000 0.000000 0.000000 -1
1 -38.000000 15.000000 -2.000000 0.000000 0.000000 -1
1 -38.000000 15.000000 2.000000 0.000000 0.000000 -1
1 13.000000 34.000000 -2.000000 0.000000 0.000000 -1
1 -13.000000 34.000000 -2.000000 0.000000 0.000000 -1
1 15.000000 38.000000 -2.000000 0.000000 0.000000 -1
1 -13.000000 34.000000 -2.000000 0.000000 0.000000 -1
1 -15.000000 38.000000 -2.000000 0.000000 0.000000 -1
1 15.000000 38.000000 -2.000000 0.000000 0.000000 -1
1 -38.000000 15.000000 -2.000000 0.000000 0.000000 -1
1 -15.000000 38.000000 -2.000000 0.000000 0.000000 -1
1 -13.000000 34.000000 -2.000000 0.000000 0.000000 -1
1 -13.000000 34.000000 -2.000000 0.000000 0.000000 -1
1 -34.000000 13.000000 -2.000000 0.000000 0.000000 -1
1 -38.000000 15.000000 -2.000000 0.000000 0.000000 -1
1 -38.000000 15.000000 -2.000000 0.000000 0.000000 -1
1 -34.000000 13.000000 -2.000000 0.000000 0.000000 -1
1 -38.000000 -15.000000 -2.000000 0.000000 0.000000 -1
1 -38.000000 -15.000000 -2.000000 0.000000 0.000000 -1
1 -34.000000 13.000000 -2.000000 0.000000 0.000000 -1
1 -34.000000 -13.000000 -2.000000 0.000000 0.000000 -1
1 -38.000000 -15.000000 -2.000000 0.000000 0.000000 -1
1 -34.000000 -13.000000 -2.000000 0.000000 0.000000 -1
1 -15.000000 -38.000000 -2.000000 0.000000 0.000000 -1
1 -15.000000 -38.000000 -2.000000 0.000000 0.000000 -1
1 -34.000000 -13.000000 -2.000000 0.000000 0.000000 -1
1 -13.000000 -34.000000 -2.000000 0.000000 0.000000 -1
1 -13.000000 -34.000000 -2.000000 0.000000 0.000000 -1
1 15.000000 -38.000000 -2.000000 0.000000 0.000000 -1
1 -15.000000 -38.000000 -2.000000 0.000000 0.000000 -1
1 15.000000 -38.000000 -2.000000 0.000000 0.000000 -1
1 -13.000000 -34.000000 -2.000000 0.000000 0.000000 -1
1 13.000000 -34.000000 -2.000000 0.000000 0.000000 -1
1 13.000000 -34.000000 -2.000000 0.000000 0.000000 -1
1 38.000000 -15.000000 -2.000000 0.000000 0.000000 -1
1 15.000000 -38.000000 -2.000000 0.000000 0.000000 -1
1 34.000000 -13.000000 -2.000000 0.000000 0.000000 -1
1 38.000000 -15.000000 -2.000000 0.000000 0.000000 -1
1 13.000000 -34.000000 -2.000000 0.000000 0.000000 -1
1 34.000000 -13.000000 -2.000000 0.000000 0.000000 -1
1 38.000000 15.000000 -2.000000 0.000000 0.000000 -1
1 38.000000 -15.000000 -2.000000 0.000000 0.000000 -1
1 34.000000 -13.000000 -2.000000 0.000000 0.000000 -1
1 34.000000 13.000000 -2.000000 0.000000 0.000000 -1
1 38.000000 15.000000 -2.000000 0.000000 0.000000 -1
1 38.000000 15.000000 -2.000000 0.000000 0.000000 -1
1 34.000000 13.000000 -2.000000 0.000000 0.000000 -1
1 13.000000 34.000000 -2.000000 0.000000 0.000000 -1
1 13.000000 34.000000 -2.000000 0.000000 0.000000 -1
1 15.000000 38.000000 -2.000000 0.000000 0.000000 -1
1 38.000000 15.000000 -2.000000 0.000000 0.000000 -1
10
0.000000 0.000000 1.000000
0.000000 1.000000 0.000000
0.000000 -1.000000 0.000000
0.707107 0.707107 0.000000
-0.707107 -0.707107 0.000000
-1.000000 0.000000 0.000000
1.000000 0.000000 0.000000
-0.707107 0.707107 0.000000
0.707107 -0.707107 0.000000
0.000000 0.000000 -1.000000
64
1 0 1 2 0 0 0 1
1 3 4 5 0 0 0 1
1 6 7 8 0 0 0 1
1 9 10 11 0 0 0 1
1 12 13 14 0 0 0 1
1 15 16 17 0 0 0 1
1 18 19 20 0 0 0 1
1 21 22 23 0 0 0 1
1 24 25 26 0 0 0 1
1 27 28 29 0 0 0 1
1 30 31 32 0 0 0 1
1 33 34 35 0 0 0 1
1 36 37 38 0 0 0 1
1 39 40 41 0 0 0 1
1 42 43 44 0 0 0 1
1 45 46 47 0 0 0 1
1 48 49 50 1 1 1 1
1 51 52 53 1 1 1 1
1 54 55 56 2 2 2 1
1 57 58 59 2 2 2 1
1 60 61 62 3 3 3 1
1 63 64 65 3 3 3 1
1 66 67 68 4 4 4 1
1 69 70 71 4 4 4 1
1 72 73 74 5 5 5 1
1 75 76 77 5 5 5 1
1 78 79 80 6 6 6 1
1 81 82 83 6 6 6 1
1 84 85 86 7 7 7 1
1 87 88 89 7 7 7 1
1 90 91 92 8 8 8 1
1 93 94 95 8 8 8 1
1 96 97 98 2 2 2 1
1 99 100 101 2 2 2 1
1 102 103 104 1 1 1 1
1 105 106 107 1 1 1 1
1 108 109 110 3 3 3 1
1 111 112 113 3 3 3 1
1 114 115 116 4 4 4 1
1 117 118 119 4 4 4 1
1 120 121 122 6 6 6 1
1 123 124 125 6 6 6 1
1 126 127 128 5 5 5 1
1 129 130 131 5 5 5 1
1 132 133 134 8 8 8 1
1 135 136 137 8 8 8 1
1 138 139 140 7 7 7 1
1 141 142 143 7 7 7 1
1 144 145 146 9 9 9 1
1 147 148 149 9 9 9 1
1 150 151 152 9 9 9 1
1 153 154 155 9 9 9 1
1 156 157 158 9 9 9 1
1 159 160 161 9 9 9 1
1 162 163 164 9 9 9 1
1 165 166 167 9 9 9 1
1 168 169 170 9 9 9 1
1 171 172 173 9 9 9 1
1 174 175 176 9 9 9 1
1 177 178 179 9 9 9 1
1 180 181 182 9 9 9 1
1 183 184 185 9 9 9 1
1 186 187 188 9 9 9 1
1 189 190 191 9 9 9 1
"Middel" 0 0
192
1 12.000000 31.000000 2.000000 0.000000 0.000000 -1
1 -12.000000 31.000000 2.000000 0.000000 0.000000 -1
1 -11.000000 28.000000 2.000000 0.000000 0.000000 -1
1 11.000000 28.000000 2.000000 0.000000 0.000000 -1
1 12.000000 31.000000 2.000000 0.000000 0.000000 -1
1 -11.000000 28.000000 2.000000 0.000000 0.000000 -1
1 12.000000 31.000000 2.000000 0.000000 0.000000 -1
1 11.000000 28.000000 2.000000 0.000000 0.000000 -1
1 31.000000 12.000000 2.000000 0.000000 0.000000 -1
1 31.000000 12.000000 2.000000 0.000000 0.000000 -1
1 11.000000 28.000000 2.000000 0.000000 0.000000 -1
1 28.000000 11.000000 2.000000 0.000000 0.000000 -1
1 31.000000 12.000000 2.000000 0.000000 0.000000 -1
1 28.000000 11.000000 2.000000 0.000000 0.000000 -1
1 28.000000 -11.000000 2.000000 0.000000 0.000000 -1
1 28.000000 -11.000000 2.000000 0.000000 0.000000 -1
1 31.000000 -12.000000 2.000000 0.000000 0.000000 -1
1 31.000000 12.000000 2.000000 0.000000 0.000000 -1
1 31.000000 -12.000000 2.000000 0.000000 0.000000 -1
1 28.000000 -11.000000 2.000000 0.000000 0.000000 -1
1 11.000000 -28.000000 2.000000 0.000000 0.000000 -1
1 11.000000 -28.000000 2.000000 0.000000 0.000000 -1
1 12.000000 -31.000000 2.000000 0.000000 0.000000 -1
1 31.000000 -12.000000 2.000000 0.000000 0.000000 -1
1 12.000000 -31.000000 2.000000 0.000000 0.000000 -1
1 -11.000000 -28.000000 2.000000 0.000000 0.000000 -1
1 -12.000000 -31.000000 2.000000 0.000000 0.000000 -1
1 11.000000 -28.000000 2.000000 0.000000 0.000000 -1
1 -11.000000 -28.000000 2.000000 0.000000 0.000000 -1
1 12.000000 -31.000000 2.000000 0.000000 0.000000 -1
1 -12.000000 -31.000000 2.000000 0.000000 0.000000 -1
1 -11.000000 -28.000000 2.000000 0.000000 0.000000 -1
1 -28.000000 -11.000000 2.000000 0.000000 0.000000 -1
1 -28.000000 -11.000000 2.000000 0.000000 0.000000 -1
1 -31.000000 -12.000000 2.000000 0.000000 0.000000 -1
1 -12.000000 -31.000000 2.000000 0.000000 0.000000 -1
1 -31.000000 -12.000000 2.000000 0.000000 0.000000 -1
1 -28.000000 -11.000000 2.000000 0.000000 0.000000 -1
1 -28.000000 11.000000 2.000000 0.000000 0.000000 -1
1 -28.000000 11.000000 2.000000 0.000000 0.000000 -1
1 -31.000000 12.000000 2.000000 0.000000 0.000000 -1
1 -31.000000 -12.000000 2.000000 0.000000 0.000000 -1
1 -31.000000 12.000000 2.000000 0.000000 0.000000 -1
1 -28.000000 11.000000 2.000000 0.000000 0.000000 -1
1 -11.000000 28.000000 2.000000 0.000000 0.000000 -1
1 -11.000000 28.000000 2.000000 0.000000 0.000000 -1
1 -12.000000 31.000000 2.000000 0.000000 0.000000 -1
1 -31.000000 12.000000 2.000000 0.000000 0.000000 -1
1 -12.000000 31.000000 2.000000 0.000000 0.000000 -1
1 12.000000 31.000000 2.000000 0.000000 0.000000 -1
1 12.000000 31.000000 -2.000000 0.000000 0.000000 -1
1 12.000000 31.000000 -2.000000 0.000000 0.000000 -1
1 -12.000000 31.000000 -2.000000 0.000000 0.000000 -1
1 -12.000000 31.000000 2.000000 0.000000 0.000000 -1
1 11.000000 28.000000 2.000000 0.000000 0.000000 -1
1 -11.000000 28.000000 2.000000 0.000000 0.000000 -1
1 -11.000000 28.000000 -2.000000 0.000000 0.000000 -1
1 -11.000000 28.000000 -2.000000 0.000000 0.000000 -1
1 11.000000 28.000000 -2.000000 0.000000 0.000000 -1
1 11.000000 28.000000 2.000000 0.000000 0.000000 -1
1 12.000000 31.000000 2.000000 0.000000 0.000000 -1
1 31.000000 12.000000 2.000000 0.000000 0.000000 -1
1 31.000000 12.000000 -2.000000 0.000000 0.000000 -1
1 31.000000 12.000000 -2.000000 0.000000 0.000000 -1
1 12.000000 31.000000 -2.000000 0.000000 0.000000 -1
1 12.000000 31.000000 2.000000 0.000000 0.000000 -1
1 28.000000 11.000000 2.000000 0.000000 0.000000 -1
1 11.000000 28.000000 2.000000 0.000000 0.000000 -1
1 11.000000 28.000000 -2.000000 0.000000 0.000000 -1
1 11.000000 28.000000 -2.000000 0.000000 0.000000 -1
1 28.000000 11.000000 -2.000000 0.000000 0.000000 -1
1 28.000000 11.000000 2.000000 0.000000 0.000000 -1
1 28.000000 -11.000000 2.000000 0.000000 0.000000 -1
1 28.000000 11.000000 2.000000 0.000000 0.000000 -1
1 28.000000 11.000000 -2.000000 0.000000 0.000000 -1
1 28.000000 11.000000 -2.000000 0.000000 0.000000 -1
1 28.000000 -11.000000 -2.000000 0.000000 0.000000 -1
1 28.000000 -11.000000 2.000000 0.000000 0.000000 -1
1 31.000000 12.000000 2.000000 0.000000 0.000000 -1
1 31.000000 -12.000000 2.000000 0.000000 0.000000 -1
1 31.000000 -12.000000 -2.000000 0.000000 0.000000 -1
1 31.000000 -12.000000 -2.000000 0.000000 0.000000 -1
1 31.000000 12.000000 -2.000000 0.000000 0.000000 -1
1 31.000000 12.000000 2.000000 0.000000 0.000000 -1
1 11.000000 -28.000000 2.000000 0.000000 0.000000 -1
1 28.000000 -11.000000 2.000000 0.000000 0.000000 -1
1 28.000000 -11.000000 -2.000000 0.000000 0.000000 -1
1 28.000000 -11.000000 -2.000000 0.000000 0.000000 -1
1 11.000000 -28.000000 -2.000000 0.000000 0.000000 -1
1 11.000000 -28.000000 2.000000 0.000000 0.000000 -1
1 31.000000 -12.000000 2.000000 0.000000 0.000000 -1
1 12.000000 -31.000000 2.000000 0.000000 0.000000 -1
1 12.000000 -31.000000 -2.000000 0.000000 0.000000 -1
1 12.000000 -31.000000 -2.000000 0.000000 0.000000 -1
1 31.000000 -12.000000 -2.000000 0.000000 0.000000 -1
1 31.000000 -12.000000 2.000000 0.000000 0.000000 -1
1 12.000000 -31.000000 2.000000 0.000000 0.000000 -1
1 -12.000000 -31.000000 2.000000 0.000000 0.000000 -1
1 -12.000000 -31.000000 -2.000000 0.000000 0.000000 -1
1 -12.000000 -31.000000 -2.000000 0.000000 0.000000 -1
1 12.000000 -31.000000 -2.000000 0.000000 0.000000 -1
1 12.000000 -31.000000 2.000000 0.000000 0.000000 -1
1 -11.000000 -28.000000 2.000000 0.000000 0.000000 -1
1 11.000000 -28.000000 2.000000 0.000000 0.000000 -1
1 11.000000 -28.000000 -2.000000 0.000000 0.000000 -1
1 11.000000 -28.000000 -2.000000 0.000000 0.000000 -1
1 -11.000000 -28.000000 -2.000000 0.000000 0.000000 -1
1 -11.000000 -28.000000 2.000000 0.000000 0.000000 -1
1 -28.000000 -11.000000 2.000000 0.000000 0.000000 -1
1 -11.000000 -28.000000 2.000000 0.000000 0.000000 -1
1 -11.000000 -28.000000 -2.000000 0.000000 0.000000 -1
1 -11.000000 -28.000000 -2.000000 0.000000 0.000000 -1
1 -28.000000 -11.000000 -2.000000 0.000000 0.000000 -1
1 -28.000000 -11.000000 2.000000 0.000000 0.000000 -1
1 -12.000000 -31.000000 2.000000 0.000000 0.000000 -1
1 -31.000000 -12.000000 2.000000 0.000000 0.000000 -1
1 -31.000000 -12.000000 -2.000000 0.000000 0.000000 -1
1 -31.000000 -12.000000 -2.000000 0.000000 0.000000 -1
1 -12.000000 -31.000000 -2.000000 0.000000 0.000000 -1
1 -12.000000 -31.000000 2.000000 0.000000 0.000000 -1
1 -28.000000 11.000000 2.000000 0.000000 0.000000 -1
1 -28.000000 -11.000000 2.000000 0.000000 0.000000 -1
1 -28.000000 -11.000000 -2.000000 0.000000 0.000000 -1
1 -28.000000 -11.000000 -2.000000 0.000000 0.000000 -1
1 -28.000000 11.000000 -2.000000 0.000000 0.000000 -1
1 -28.000000 11.000000 2.000000 0.000000 0.000000 -1
1 -31.000000 -12.000000 2.000000 0.000000 0.000000 -1
1 -31.000000 12.000000 2.000000 0.000000 0.000000 -1
1 -31.000000 12.000000 -2.000000 0.000000 0.000000 -1
1 -31.000000 12.000000 -2.000000 0.000000 0.000000 -1
1 -31.000000 -12.000000 -2.000000 0.000000 0.000000 -1
1 -31.000000 -12.000000 2.000000 0.000000 0.000000 -1
1 -11.000000 28.000000 2.000000 0.000000 0.000000 -1
1 -28.000000 11.000000 2.000000 0.000000 0.000000 -1
1 -28.000000 11.000000 -2.000000 0.000000 0.000000 -1
1 -28.000000 11.000000 -2.000000 0.000000 0.000000 -1
1 -11.000000 28.000000 -2.000000 0.000000 0.000000 -1
1 -11.000000 28.000000 2.000000 0.000000 0.000000 -1
1 -31.000000 12.000000 2.000000 0.000000 0.000000 -1
1 -12.000000 31.000000 2.000000 0.000000 0.000000 -1
1 -12.000000 31.000000 -2.000000 0.000000 0.000000 -1
1 -12.000000 31.000000 -2.000000 0.000000 0.000000 -1
1 -31.000000 12.000000 -2.000000 0.000000 0.000000 -1
1 -31.000000 12.000000 2.000000 0.000000 0.000000 -1
1 11.000000 28.000000 -2.000000 0.000000 0.000000 -1
1 -11.000000 28.000000 -2.000000 0.000000 0.000000 -1
1 12.000000 31.000000 -2.000000 0.000000 0.000000 -1
1 -11.000000 28.000000 -2.000000 0.000000 0.000000 -1
1 -12.000000 31.000000 -2.000000 0.000000 0.000000 -1
1 12.000000 31.000000 -2.000000 0.000000 0.000000 -1
1 -31.000000 12.000000 -2.000000 0.000000 0.000000 -1
1 -12.000000 31.000000 -2.000000 0.000000 0.000000 -1
1 -11.000000 28.000000 -2.000000 0.000000 0.000000 -1
1 -11.000000 28.000000 -2.000000 0.000000 0.000000 -1
1 -28.000000 11.000000 -2.000000 0.000000 0.000000 -1
1 -31.000000 12.000000 -2.000000 0.000000 0.000000 -1
1 -31.000000 12.000000 -2.000000 0.000000 0.000000 -1
1 -28.000000 11.000000 -2.000000 0.000000 0.000000 -1
1 -31.000000 -12.000000 -2.000000 0.000000 0.000000 -1
1 -31.000000 -12.000000 -2.000000 0.000000 0.000000 -1
1 -28.000000 11.000000 -2.000000 0.000000 0.000000 -1
1 -28.000000 -11.000000 -2.000000 0.000000 0.000000 -1
1 -31.000000 -12.000000 -2.000000 0.000000 0.000000 -1
1 -28.000000 -11.000000 -2.000000 0.000000 0.000000 -1
1 -12.000000 -31.000000 -2.000000 0.000000 0.000000 -1
1 -12.000000 -31.000000 -2.000000 0.000000 0.000000 -1
1 -28.000000 -11.000000 -2.000000 0.000000 0.000000 -1
1 -11.000000 -28.000000 -2.000000 0.000000 0.000000 -1
1 -11.000000 -28.000000 -2.000000 0.000000 0.000000 -1
1 12.000000 -31.000000 -2.000000 0.000000 0.000000 -1
1 -12.000000 -31.000000 -2.000000 0.000000 0.000000 -1
1 12.000000 -31.000000 -2.000000 0.000000 0.000000 -1
1 -11.000000 -28.000000 -2.000000 0.000000 0.000000 -1
1 11.000000 -28.000000 -2.000000 0.000000 0.000000 -1
1 11.000000 -28.000000 -2.000000 0.000000 0.000000 -1
1 31.000000 -12.000000 -2.000000 0.000000 0.000000 -1
1 12.000000 -31.000000 -2.000000 0.000000 0.000000 -1
1 28.000000 -11.000000 -2.000000 0.000000 0.000000 -1
1 31.000000 -12.000000 -2.000000 0.000000 0.000000 -1
1 11.000000 -28.000000 -2.000000 0.000000 0.000000 -1
1 28.000000 -11.000000 -2.000000 0.000000 0.000000 -1
1 31.000000 12.000000 -2.000000 0.000000 0.000000 -1
1 31.000000 -12.000000 -2.000000 0.000000 0.000000 -1
1 28.000000 -11.000000 -2.000000 0.000000 0.000000 -1
1 28.000000 11.000000 -2.000000 0.000000 0.000000 -1
1 31.000000 12.000000 -2.000000 0.000000 0.000000 -1
1 31.000000 12.000000 -2.000000 0.000000 0.000000 -1
1 28.000000 11.000000 -2.000000 0.000000 0.000000 -1
1 11.000000 28.000000 -2.000000 0.000000 0.000000 -1
1 11.000000 28.000000 -2.000000 0.000000 0.000000 -1
1 12.000000 31.000000 -2.000000 0.000000 0.000000 -1
1 31.000000 12.000000 -2.000000 0.000000 0.000000 -1
10
0.000000 0.000000 1.000000
0.000000 1.000000 0.000000
0.000000 -1.000000 0.000000
0.707107 0.707107 0.000000
-0.707107 -0.707107 0.000000
-1.000000 0.000000 0.000000
1.000000 0.000000 0.000000
-0.707107 0.707107 0.000000
0.707107 -0.707107 0.000000
0.000000 0.000000 -1.000000
64
1 0 1 2 0 0 0 1
1 3 4 5 0 0 0 1
1 6 7 8 0 0 0 1
1 9 10 11 0 0 0 1
1 12 13 14 0 0 0 1
1 15 16 17 0 0 0 1
1 18 19 20 0 0 0 1
1 21 22 23 0 0 0 1
1 24 25 26 0 0 0 1
1 27 28 29 0 0 0 1
1 30 31 32 0 0 0 1
1 33 34 35 0 0 0 1
1 36 37 38 0 0 0 1
1 39 40 41 0 0 0 1
1 42 43 44 0 0 0 1
1 45 46 47 0 0 0 1
1 48 49 50 1 1 1 1
1 51 52 53 1 1 1 1
1 54 55 56 2 2 2 1
1 57 58 59 2 2 2 1
1 60 61 62 3 3 3 1
1 63 64 65 3 3 3 1
1 66 67 68 4 4 4 1
1 69 70 71 4 4 4 1
1 72 73 74 5 5 5 1
1 75 76 77 5 5 5 1
1 78 79 80 6 6 6 1
1 81 82 83 6 6 6 1
1 84 85 86 7 7 7 1
1 87 88 89 7 7 7 1
1 90 91 92 8 8 8 1
1 93 94 95 8 8 8 1
1 96 97 98 2 2 2 1
1 99 100 101 2 2 2 1
1 102 103 104 1 1 1 1
1 105 106 107 1 1 1 1
1 108 109 110 3 3 3 1
1 111 112 113 3 3 3 1
1 114 115 116 4 4 4 1
1 117 118 119 4 4 4 1
1 120 121 122 6 6 6 1
1 123 124 125 6 6 6 1
1 126 127 128 5 5 5 1
1 129 130 131 5 5 5 1
1 132 133 134 8 8 8 1
1 135 136 137 8 8 8 1
1 138 139 140 7 7 7 1
1 141 142 143 7 7 7 1
1 144 145 146 9 9 9 1
1 147 148 149 9 9 9 1
1 150 151 152 9 9 9 1
1 153 154 155 9 9 9 1
1 156 157 158 9 9 9 1
1 159 160 161 9 9 9 1
1 162 163 164 9 9 9 1
1 165 166 167 9 9 9 1
1 168 169 170 9 9 9 1
1 171 172 173 9 9 9 1
1 174 175 176 9 9 9 1
1 177 178 179 9 9 9 1
1 180 181 182 9 9 9 1
1 183 184 185 9 9 9 1
1 186 187 188 9 9 9 1
1 189 190 191 9 9 9 1
"Inner" 0 1
84
1 9.000000 24.000000 2.000000 0.000000 0.000000 -1
1 -9.000000 -24.000000 2.000000 0.000000 0.000000 -1
1 9.000000 -24.000000 2.000000 0.000000 0.000000 -1
1 -9.000000 -24.000000 2.000000 0.000000 0.000000 -1
1 9.000000 24.000000 2.000000 0.000000 0.000000 -1
1 -9.000000 24.000000 2.000000 0.000000 0.000000 -1
1 9.000000 24.000000 2.000000 0.000000 0.000000 -1
1 9.000000 -24.000000 2.000000 0.000000 0.000000 -1
1 24.000000 -9.000000 2.000000 0.000000 0.000000 -1
1 24.000000 -9.000000 2.000000 0.000000 0.000000 -1
1 24.000000 9.000000 2.000000 0.000000 0.000000 -1
1 9.000000 24.000000 2.000000 0.000000 0.000000 -1
1 -9.000000 24.000000 2.000000 0.000000 0.000000 -1
1 -24.000000 9.000000 2.000000 0.000000 0.000000 -1
1 -24.000000 -9.000000 2.000000 0.000000 0.000000 -1
1 -24.000000 -9.000000 2.000000 0.000000 0.000000 -1
1 -9.000000 -24.000000 2.000000 0.000000 0.000000 -1
1 -9.000000 24.000000 2.000000 0.000000 0.000000 -1
1 9.000000 -24.000000 2.000000 0.000000 0.000000 -1
1 -9.000000 -24.000000 2.000000 0.000000 0.000000 -1
1 -9.000000 -24.000000 -2.000000 0.000000 0.000000 -1
1 -9.000000 -24.000000 -2.000000 0.000000 0.000000 -1
1 9.000000 -24.000000 -2.000000 0.000000 0.000000 -1
1 9.000000 -24.000000 2.000000 0.000000 0.000000 -1
1 -9.000000 24.000000 2.000000 0.000000 0.000000 -1
1 9.000000 24.000000 2.000000 0.000000 0.000000 -1
1 9.000000 24.000000 -2.000000 0.000000 0.000000 -1
1 9.000000 24.000000 -2.000000 0.000000 0.000000 -1
1 -9.000000 24.000000 -2.000000 0.000000 0.000000 -1
1 -9.000000 24.000000 2.000000 0.000000 0.000000 -1
1 24.000000 -9.000000 2.000000 0.000000 0.000000 -1
1 9.000000 -24.000000 2.000000 0.000000 0.000000 -1
1 9.000000 -24.000000 -2.000000 0.000000 0.000000 -1
1 9.000000 -24.000000 -2.000000 0.000000 0.000000 -1
1 24.000000 -9.000000 -2.000000 0.000000 0.000000 -1
1 24.000000 -9.000000 2.000000 0.000000 0.000000 -1
1 24.000000 9.000000 2.000000 0.000000 0.000000 -1
1 24.000000 -9.000000 2.000000 0.000000 0.000000 -1
1 24.000000 -9.000000 -2.000000 0.000000 0.000000 -1
1 24.000000 -9.000000 -2.000000 0.000000 0.000000 -1
1 24.000000 9.000000 -2.000000 0.000000 0.000000 -1
1 24.000000 9.000000 2.000000 0.000000 0.000000 -1
1 9.000000 24.000000 2.000000 0.000000 0.000000 -1
1 24.000000 9.000000 2.000000 0.000000 0.000000 -1
1 24.000000 9.000000 -2.000000 0.000000 0.000000 -1
1 24.000000 9.000000 -2.000000 0.000000 0.000000 -1
1 9.000000 24.000000 -2.000000 0.000000 0.000000 -1
1 9.000000 24.000000 2.000000 0.000000 0.000000 -1
1 -24.000000 9.000000 2.000000 0.000000 0.000000 -1
1 -9.000000 24.000000 2.000000 0.000000 0.000000 -1
1 -9.000000 24.000000 -2.000000 0.000000 0.000000 -1
1 -9.000000 24.000000 -2.000000 0.000000 0.000000 -1
1 -24.000000 9.000000 -2.000000 0.000000 0.000000 -1
1 -24.000000 9.000000 2.000000 0.000000 0.000000 -1
1 -24.000000 -9.000000 2.000000 0.000000 0.000000 -1
1 -24.000000 9.000000 2.000000 0.000000 0.000000 -1
1 -24.000000 9.000000 -2.000000 0.000000 0.000000 -1
1 -24.000000 9.000000 -2.000000 0.000000 0.000000 -1
1 -24.000000 -9.000000 -2.000000 0.000000 0.000000 -1
1 -24.000000 -9.000000 2.000000 0.000000 0.000000 -1
1 -9.000000 -24.000000 2.000000 0.000000 0.000000 -1
1 -24.000000 -9.000000 2.000000 0.000000 0.000000 -1
1 -24.000000 -9.000000 -2.000000 0.000000 0.000000 -1
1 -24.000000 -9.000000 -2.000000 0.000000 0.000000 -1
1 -9.000000 -24.000000 -2.000000 0.000000 0.000000 -1
1 -9.000000 -24.000000 2.000000 0.000000 0.000000 -1
1 24.000000 -9.000000 -2.000000 0.000000 0.000000 -1
1 9.000000 24.000000 -2.000000 0.000000 0.000000 -1
1 24.000000 9.000000 -2.000000 0.000000 0.000000 -1
1 24.000000 -9.000000 -2.000000 0.000000 0.000000 -1
1 9.000000 -24.000000 -2.000000 0.000000 0.000000 -1
1 9.000000 24.000000 -2.000000 0.000000 0.000000 -1
1 -9.000000 -24.000000 -2.000000 0.000000 0.000000 -1
1 9.000000 24.000000 -2.000000 0.000000 0.000000 -1
1 9.000000 -24.000000 -2.000000 0.000000 0.000000 -1
1 -9.000000 -24.000000 -2.000000 0.000000 0.000000 -1
1 -9.000000 24.000000 -2.000000 0.000000 0.000000 -1
1 9.000000 24.000000 -2.000000 0.000000 0.000000 -1
1 -9.000000 24.000000 -2.000000 0.000000 0.000000 -1
1 -9.000000 -24.000000 -2.000000 0.000000 0.000000 -1
1 -24.000000 -9.000000 -2.000000 0.000000 0.000000 -1
1 -24.000000 -9.000000 -2.000000 0.000000 0.000000 -1
1 -24.000000 9.000000 -2.000000 0.000000 0.000000 -1
1 -9.000000 24.000000 -2.000000 0.000000 0.000000 -1
10
0.000000 0.000000 1.000000
0.000000 -1.000000 0.000000
0.000000 1.000000 0.000000
0.707107 -0.707107 0.000000
1.000000 0.000000 0.000000
0.707107 0.707107 0.000000
-0.707107 0.707107 0.000000
-1.000000 0.000000 0.000000
-0.707107 -0.707107 0.000000
0.000000 0.000000 -1.000000
28
1 0 1 2 0 0 0 1
1 3 4 5 0 0 0 1
1 6 7 8 0 0 0 1
1 9 10 11 0 0 0 1
1 12 13 14 0 0 0 1
1 15 16 17 0 0 0 1
1 18 19 20 1 1 1 1
1 21 22 23 1 1 1 1
1 24 25 26 2 2 2 1
1 27 28 29 2 2 2 1
1 30 31 32 3 3 3 1
1 33 34 35 3 3 3 1
1 36 37 38 4 4 4 1
1 39 40 41 4 4 4 1
1 42 43 44 5 5 5 1
1 45 46 47 5 5 5 1
1 48 49 50 6 6 6 1
1 51 52 53 6 6 6 1
1 54 55 56 7 7 7 1
1 57 58 59 7 7 7 1
1 60 61 62 8 8 8 1
1 63 64 65 8 8 8 1
1 66 67 68 9 9 9 1
1 69 70 71 9 9 9 1
1 72 73 74 9 9 9 1
1 75 76 77 9 9 9 1
1 78 79 80 9 9 9 1
1 81 82 83 9 9 9 1

Materials: 2
"White"
1.000000 1.000000 1.000000 1.000000
1.000000 1.000000 1.000000 1.000000
1.000000 1.000000 1.000000 1.000000
0.000000 0.000000 0.000000 1.000000
125.000000
1.000000
"White.png"
""
"Gray"
1.000000 1.000000 1.000000 1.000000
1.000000 1.000000 1.000000 1.000000
1.000000 1.000000 1.000000 1.000000
0.000000 0.000000 0.000000 1.000000
128.000000
1.000000
"Gray.png"
""

Bones: 0
GroupComments: 0
MaterialComments: 0
BoneComments: 0
ModelComment: 0
