// MilkShape 3D ASCII

Frames: 30
Frame: 1

Meshes: 3
"Face" 0 2
96
0 -8.000000 -6.918060 26.980022 0.000000 0.000000 -1
0 -8.000000 -7.857756 26.638008 0.000000 0.000000 -1
0 -6.000000 -5.978375 27.322021 0.000000 0.000000 -1
0 -6.000000 -5.978375 27.322021 0.000000 0.000000 -1
0 -8.000000 -7.857756 26.638008 0.000000 0.000000 -1
0 -6.000000 -8.797446 26.295990 0.000000 0.000000 -1
0 -6.000000 -5.978375 27.322021 0.000000 0.000000 -1
0 -6.000000 -8.797446 26.295990 0.000000 0.000000 -1
0 -4.000000 -5.978375 27.322021 0.000000 0.000000 -1
0 -4.000000 -5.978375 27.322021 0.000000 0.000000 -1
0 -6.000000 -8.797446 26.295990 0.000000 0.000000 -1
0 -4.000000 -8.797446 26.295990 0.000000 0.000000 -1
0 -4.000000 -8.797446 26.295990 0.000000 0.000000 -1
0 -2.000000 -8.797446 26.295990 0.000000 0.000000 -1
0 -2.000000 -5.978375 27.322021 0.000000 0.000000 -1
0 -2.000000 -5.978375 27.322021 0.000000 0.000000 -1
0 -4.000000 -5.978375 27.322021 0.000000 0.000000 -1
0 -4.000000 -8.797446 26.295990 0.000000 0.000000 -1
0 -2.000000 -8.797446 26.295990 0.000000 0.000000 -1
0 0.000000 -8.797446 26.295990 0.000000 0.000000 -1
0 0.000000 -5.978375 27.322021 0.000000 0.000000 -1
0 0.000000 -5.978375 27.322021 0.000000 0.000000 -1
0 -2.000000 -5.978375 27.322021 0.000000 0.000000 -1
0 -2.000000 -8.797446 26.295990 0.000000 0.000000 -1
0 -6.000000 -5.978375 27.322021 0.000000 0.000000 -1
0 -4.000000 -5.978375 27.322021 0.000000 0.000000 -1
0 -5.000000 -4.098976 28.006077 0.000000 0.000000 -1
0 -4.000000 -5.978375 27.322021 0.000000 0.000000 -1
0 -2.000000 -5.978375 27.322021 0.000000 0.000000 -1
0 -3.000000 -4.098976 28.006077 0.000000 0.000000 -1
0 -6.000000 -8.797446 26.295990 0.000000 0.000000 -1
0 -5.000000 -10.676842 25.611935 0.000000 0.000000 -1
0 -4.000000 -8.797446 26.295990 0.000000 0.000000 -1
0 -4.000000 -8.797446 26.295990 0.000000 0.000000 -1
0 -3.000000 -10.676842 25.611935 0.000000 0.000000 -1
0 -2.000000 -8.797446 26.295990 0.000000 0.000000 -1
0 0.000000 -8.797446 26.295990 0.000000 0.000000 -1
0 -2.000000 -8.797446 26.295990 0.000000 0.000000 -1
0 -1.000000 -10.676842 25.611935 0.000000 0.000000 -1
0 -2.000000 -5.978375 27.322021 0.000000 0.000000 -1
0 0.000000 -5.978375 27.322021 0.000000 0.000000 -1
0 -1.000000 -4.098976 28.006077 0.000000 0.000000 -1
0 6.000000 -5.978375 27.322021 0.000000 0.000000 -1
0 8.000000 -7.857756 26.638008 0.000000 0.000000 -1
0 8.000000 -6.918060 26.980022 0.000000 0.000000 -1
0 6.000000 -8.797446 26.295990 0.000000 0.000000 -1
0 8.000000 -7.857756 26.638008 0.000000 0.000000 -1
0 6.000000 -5.978375 27.322021 0.000000 0.000000 -1
0 4.000000 -5.978375 27.322021 0.000000 0.000000 -1
0 6.000000 -8.797446 26.295990 0.000000 0.000000 -1
0 6.000000 -5.978375 27.322021 0.000000 0.000000 -1
0 4.000000 -8.797446 26.295990 0.000000 0.000000 -1
0 6.000000 -8.797446 26.295990 0.000000 0.000000 -1
0 4.000000 -5.978375 27.322021 0.000000 0.000000 -1
0 2.000000 -5.978375 27.322021 0.000000 0.000000 -1
0 2.000000 -8.797446 26.295990 0.000000 0.000000 -1
0 4.000000 -8.797446 26.295990 0.000000 0.000000 -1
0 4.000000 -8.797446 26.295990 0.000000 0.000000 -1
0 4.000000 -5.978375 27.322021 0.000000 0.000000 -1
0 2.000000 -5.978375 27.322021 0.000000 0.000000 -1
0 0.000000 -5.978375 27.322021 0.000000 0.000000 -1
0 0.000000 -8.797446 26.295990 0.000000 0.000000 -1
0 2.000000 -8.797446 26.295990 0.000000 0.000000 -1
0 2.000000 -8.797446 26.295990 0.000000 0.000000 -1
0 2.000000 -5.978375 27.322021 0.000000 0.000000 -1
0 0.000000 -5.978375 27.322021 0.000000 0.000000 -1
0 5.000000 -4.098976 28.006077 0.000000 0.000000 -1
0 4.000000 -5.978375 27.322021 0.000000 0.000000 -1
0 6.000000 -5.978375 27.322021 0.000000 0.000000 -1
0 3.000000 -4.098976 28.006077 0.000000 0.000000 -1
0 2.000000 -5.978375 27.322021 0.000000 0.000000 -1
0 4.000000 -5.978375 27.322021 0.000000 0.000000 -1
0 4.000000 -8.797446 26.295990 0.000000 0.000000 -1
0 5.000000 -10.676842 25.611935 0.000000 0.000000 -1
0 6.000000 -8.797446 26.295990 0.000000 0.000000 -1
0 2.000000 -8.797446 26.295990 0.000000 0.000000 -1
0 3.000000 -10.676842 25.611935 0.000000 0.000000 -1
0 4.000000 -8.797446 26.295990 0.000000 0.000000 -1
0 1.000000 -10.676842 25.611935 0.000000 0.000000 -1
0 2.000000 -8.797446 26.295990 0.000000 0.000000 -1
0 0.000000 -8.797446 26.295990 0.000000 0.000000 -1
0 1.000000 -4.098976 28.006077 0.000000 0.000000 -1
0 0.000000 -5.978375 27.322021 0.000000 0.000000 -1
0 2.000000 -5.978375 27.322021 0.000000 0.000000 -1
0 -9.319697 3.442491 27.347523 0.000000 0.000000 -1
0 -5.860913 5.091083 27.105091 0.000000 0.000000 -1
0 -8.709813 6.635001 26.007288 0.000000 0.000000 -1
0 -8.709813 6.635001 26.007288 0.000000 0.000000 -1
0 -12.200327 5.117253 26.186676 0.000000 0.000000 -1
0 -9.319697 3.442491 27.347523 0.000000 0.000000 -1
0 8.474519 6.635001 26.007288 0.000000 0.000000 -1
0 5.625619 5.091083 27.105091 0.000000 0.000000 -1
0 9.084403 3.442491 27.347523 0.000000 0.000000 -1
0 9.084403 3.442491 27.347523 0.000000 0.000000 -1
0 11.965033 5.117253 26.186676 0.000000 0.000000 -1
0 8.474519 6.635001 26.007288 0.000000 0.000000 -1
20
0.000005 -0.342014 0.939695
0.000004 -0.342013 0.939695
0.000002 -0.342016 0.939694
0.000001 -0.342016 0.939694
0.000000 -0.342017 0.939694
0.000000 -0.342017 0.939694
0.000000 -0.342019 0.939693
0.000000 -0.342016 0.939694
0.000000 -0.342025 0.939691
0.000000 -0.342025 0.939691
-0.000002 -0.342016 0.939694
-0.000004 -0.342013 0.939695
-0.000005 -0.342014 0.939695
-0.000001 -0.342016 0.939694
-0.129471 0.404749 0.905216
-0.129471 0.404749 0.905216
-0.129471 0.404749 0.905216
0.129471 0.404749 0.905216
0.129471 0.404749 0.905216
0.129471 0.404749 0.905216
32
0 0 1 2 0 1 2 1
0 3 4 5 2 1 3 1
0 6 7 8 2 3 4 1
0 9 10 11 4 3 5 1
0 12 13 14 5 5 4 1
0 15 16 17 4 4 5 1
0 18 19 20 5 6 7 1
0 21 22 23 7 4 5 1
0 24 25 26 2 4 8 1
0 27 28 29 4 4 8 1
0 30 31 32 3 9 5 1
0 33 34 35 5 9 5 1
0 36 37 38 6 5 9 1
0 39 40 41 4 7 8 1
0 42 43 44 10 11 12 1
0 45 46 47 13 11 10 1
0 48 49 50 4 13 10 1
0 51 52 53 5 13 4 1
0 54 55 56 4 5 5 1
0 57 58 59 5 4 4 1
0 60 61 62 7 6 5 1
0 63 64 65 5 4 7 1
0 66 67 68 8 4 10 1
0 69 70 71 8 4 4 1
0 72 73 74 5 9 13 1
0 75 76 77 5 9 5 1
0 78 79 80 9 5 6 1
0 81 82 83 8 7 4 1
0 84 85 86 14 15 14 1
0 87 88 89 14 16 14 1
0 90 91 92 17 18 17 1
0 93 94 95 17 19 17 1
"wick" 0 2
159
0 34.877453 20.490440 -35.754780 0.000000 0.000000 -1
0 28.583874 20.470325 -35.380692 0.000000 0.000000 -1
0 31.583069 20.462643 -37.868137 0.000000 0.000000 -1
0 34.877453 20.490440 -35.754780 0.000000 0.000000 -1
0 30.024567 20.502884 -31.729923 0.000000 0.000000 -1
0 28.583874 20.470325 -35.380692 0.000000 0.000000 -1
0 34.877453 20.490440 -35.754780 0.000000 0.000000 -1
0 33.914219 20.515316 -31.961111 0.000000 0.000000 -1
0 30.024567 20.502884 -31.729923 0.000000 0.000000 -1
0 -0.193958 30.079241 -12.941422 0.000000 1.000000 -1
0 -1.947300 40.408253 -22.938574 0.000000 0.800000 -1
0 -3.369238 28.900537 -14.903068 0.200000 1.000000 -1
0 -1.947300 40.408253 -22.938574 0.000000 0.800000 -1
0 -1.181556 37.756145 -25.713421 0.200000 0.800000 -1
0 -3.369238 28.900537 -14.903068 0.200000 1.000000 -1
0 -1.947300 40.408253 -22.938574 0.000000 0.800000 -1
0 7.696906 46.881058 -30.573080 0.000000 0.600000 -1
0 7.960688 43.711758 -32.854691 0.200000 0.600000 -1
0 -1.947300 40.408253 -22.938574 0.000000 0.800000 -1
0 7.960688 43.711758 -32.854691 0.200000 0.600000 -1
0 -1.181556 37.756145 -25.713421 0.200000 0.800000 -1
0 7.696906 46.881058 -30.573080 0.000000 0.600000 -1
0 21.823824 44.240871 -35.310970 0.000000 0.400000 -1
0 7.960688 43.711758 -32.854691 0.200000 0.600000 -1
0 21.823824 44.240871 -35.310970 0.000000 0.400000 -1
0 20.499743 40.869766 -36.794964 0.200000 0.400000 -1
0 7.960688 43.711758 -32.854691 0.200000 0.600000 -1
0 21.823824 44.240871 -35.310970 0.000000 0.400000 -1
0 32.520050 34.510841 -36.853771 0.000000 0.200000 -1
0 30.008818 31.818703 -38.182659 0.200000 0.200000 -1
0 21.823824 44.240871 -35.310970 0.000000 0.400000 -1
0 30.008818 31.818703 -38.182659 0.200000 0.200000 -1
0 20.499743 40.869766 -36.794964 0.200000 0.400000 -1
0 32.520050 34.510841 -36.853771 0.000000 0.200000 -1
0 34.877453 20.490440 -35.754780 0.000000 0.000000 -1
0 30.008818 31.818703 -38.182659 0.200000 0.200000 -1
0 34.877453 20.490440 -35.754780 0.000000 0.000000 -1
0 31.583069 20.462643 -37.868137 0.200000 0.000000 -1
0 30.008818 31.818703 -38.182659 0.200000 0.200000 -1
0 -3.369238 28.900537 -14.903068 0.200000 1.000000 -1
0 -1.181556 37.756145 -25.713421 0.200000 0.800000 -1
0 2.333292 36.248310 -24.968424 0.400000 0.800000 -1
0 -3.369238 28.900537 -14.903068 0.200000 1.000000 -1
0 2.333292 36.248310 -24.968424 0.400000 0.800000 -1
0 -2.156389 26.993406 -18.077101 0.400000 1.000000 -1
0 -1.181556 37.756145 -25.713421 0.200000 0.800000 -1
0 7.960688 43.711758 -32.854691 0.200000 0.600000 -1
0 2.333292 36.248310 -24.968424 0.400000 0.800000 -1
0 7.960688 43.711758 -32.854691 0.200000 0.600000 -1
0 10.663340 41.367107 -31.311644 0.400000 0.600000 -1
0 2.333292 36.248310 -24.968424 0.400000 0.800000 -1
0 7.960688 43.711758 -32.854691 0.200000 0.600000 -1
0 20.499743 40.869766 -36.794964 0.200000 0.400000 -1
0 20.633053 38.198551 -33.961258 0.400000 0.400000 -1
0 7.960688 43.711758 -32.854691 0.200000 0.600000 -1
0 20.633053 38.198551 -33.961258 0.400000 0.400000 -1
0 10.663340 41.367107 -31.311644 0.400000 0.600000 -1
0 20.499743 40.869766 -36.794964 0.200000 0.400000 -1
0 30.008818 31.818703 -38.182659 0.200000 0.200000 -1
0 20.633053 38.198551 -33.961258 0.400000 0.400000 -1
0 30.008818 31.818703 -38.182659 0.200000 0.200000 -1
0 28.221298 30.246166 -35.098019 0.400000 0.200000 -1
0 20.633053 38.198551 -33.961258 0.400000 0.400000 -1
0 30.008818 31.818703 -38.182659 0.200000 0.200000 -1
0 31.583069 20.462643 -37.868137 0.200000 0.000000 -1
0 28.583874 20.470325 -35.380692 0.400000 0.000000 -1
0 30.008818 31.818703 -38.182659 0.200000 0.200000 -1
0 28.583874 20.470325 -35.380692 0.400000 0.000000 -1
0 28.221298 30.246166 -35.098019 0.400000 0.200000 -1
0 -2.156389 26.993406 -18.077101 0.400000 1.000000 -1
0 2.333292 36.248310 -24.968424 0.400000 0.800000 -1
0 1.768475 26.993404 -18.077093 0.600000 1.000000 -1
0 2.333292 36.248310 -24.968424 0.400000 0.800000 -1
0 3.739833 37.968548 -21.733143 0.600000 0.800000 -1
0 1.768475 26.993404 -18.077093 0.600000 1.000000 -1
0 2.333292 36.248310 -24.968424 0.400000 0.800000 -1
0 10.663340 41.367107 -31.311644 0.400000 0.600000 -1
0 12.069864 43.087330 -28.076342 0.600000 0.600000 -1
0 2.333292 36.248310 -24.968424 0.400000 0.800000 -1
0 12.069864 43.087330 -28.076342 0.600000 0.600000 -1
0 3.739833 37.968548 -21.733143 0.600000 0.800000 -1
0 10.663340 41.367107 -31.311644 0.400000 0.600000 -1
0 20.633053 38.198551 -33.961258 0.400000 0.400000 -1
0 12.069864 43.087330 -28.076342 0.600000 0.600000 -1
0 20.633053 38.198551 -33.961258 0.400000 0.400000 -1
0 22.039593 39.918797 -30.725975 0.600000 0.400000 -1
0 12.069864 43.087330 -28.076342 0.600000 0.600000 -1
0 20.633053 38.198551 -33.961258 0.400000 0.400000 -1
0 28.221298 30.246166 -35.098019 0.400000 0.200000 -1
0 29.627846 31.966385 -31.862745 0.600000 0.200000 -1
0 20.633053 38.198551 -33.961258 0.400000 0.400000 -1
0 29.627846 31.966385 -31.862745 0.600000 0.200000 -1
0 22.039593 39.918797 -30.725975 0.600000 0.400000 -1
0 28.221298 30.246166 -35.098019 0.400000 0.200000 -1
0 28.583874 20.470325 -35.380692 0.400000 0.000000 -1
0 29.627846 31.966385 -31.862745 0.600000 0.200000 -1
0 28.583874 20.470325 -35.380692 0.400000 0.000000 -1
0 30.024567 20.502884 -31.729923 0.600000 0.000000 -1
0 29.627846 31.966385 -31.862745 0.600000 0.200000 -1
0 1.768475 26.993404 -18.077093 0.600000 1.000000 -1
0 3.739833 37.968548 -21.733143 0.600000 0.800000 -1
0 1.094283 40.539555 -20.478638 0.800000 0.800000 -1
0 1.768475 26.993404 -18.077093 0.600000 1.000000 -1
0 1.094283 40.539555 -20.478638 0.800000 0.800000 -1
0 2.981325 28.900537 -14.903068 0.800000 1.000000 -1
0 3.739833 37.968548 -21.733143 0.600000 0.800000 -1
0 12.069864 43.087330 -28.076342 0.600000 0.600000 -1
0 1.094283 40.539555 -20.478638 0.800000 0.800000 -1
0 12.069864 43.087330 -28.076342 0.600000 0.600000 -1
0 10.236540 46.495140 -27.619898 0.800000 0.600000 -1
0 1.094283 40.539555 -20.478638 0.800000 0.800000 -1
0 12.069864 43.087330 -28.076342 0.600000 0.600000 -1
0 22.039593 39.918797 -30.725975 0.600000 0.400000 -1
0 22.775583 43.653152 -31.560184 0.800000 0.400000 -1
0 12.069864 43.087330 -28.076342 0.600000 0.600000 -1
0 22.775583 43.653152 -31.560184 0.800000 0.400000 -1
0 10.236540 46.495140 -27.619898 0.800000 0.600000 -1
0 22.039593 39.918797 -30.725975 0.600000 0.400000 -1
0 29.627846 31.966385 -31.862745 0.600000 0.200000 -1
0 22.775583 43.653152 -31.560184 0.800000 0.400000 -1
0 29.627846 31.966385 -31.862745 0.600000 0.200000 -1
0 32.284641 34.602112 -32.947857 0.800000 0.200000 -1
0 22.775583 43.653152 -31.560184 0.800000 0.400000 -1
0 29.627846 31.966385 -31.862745 0.600000 0.200000 -1
0 30.024567 20.502884 -31.729923 0.600000 0.000000 -1
0 33.914219 20.515316 -31.961111 0.800000 0.000000 -1
0 29.627846 31.966385 -31.862745 0.600000 0.200000 -1
0 33.914219 20.515316 -31.961111 0.800000 0.000000 -1
0 32.284641 34.602112 -32.947857 0.800000 0.200000 -1
0 2.981325 28.900537 -14.903068 0.800000 1.000000 -1
0 1.094283 40.539555 -20.478638 0.800000 0.800000 -1
0 -0.193958 30.079241 -12.941422 1.000000 1.000000 -1
0 1.094283 40.539555 -20.478638 0.800000 0.800000 -1
0 -1.947300 40.408253 -22.938574 1.000000 0.800000 -1
0 -0.193958 30.079241 -12.941422 1.000000 1.000000 -1
0 1.094283 40.539555 -20.478638 0.800000 0.800000 -1
0 10.236540 46.495140 -27.619898 0.800000 0.600000 -1
0 7.696906 46.881058 -30.573080 1.000000 0.600000 -1
0 1.094283 40.539555 -20.478638 0.800000 0.800000 -1
0 7.696906 46.881058 -30.573080 1.000000 0.600000 -1
0 -1.947300 40.408253 -22.938574 1.000000 0.800000 -1
0 10.236540 46.495140 -27.619898 0.800000 0.600000 -1
0 22.775583 43.653152 -31.560184 0.800000 0.400000 -1
0 7.696906 46.881058 -30.573080 1.000000 0.600000 -1
0 22.775583 43.653152 -31.560184 0.800000 0.400000 -1
0 21.823824 44.240871 -35.310970 1.000000 0.400000 -1
0 7.696906 46.881058 -30.573080 1.000000 0.600000 -1
0 22.775583 43.653152 -31.560184 0.800000 0.400000 -1
0 32.284641 34.602112 -32.947857 0.800000 0.200000 -1
0 32.520050 34.510841 -36.853771 1.000000 0.200000 -1
0 22.775583 43.653152 -31.560184 0.800000 0.400000 -1
0 32.520050 34.510841 -36.853771 1.000000 0.200000 -1
0 21.823824 44.240871 -35.310970 1.000000 0.400000 -1
0 32.284641 34.602112 -32.947857 0.800000 0.200000 -1
0 33.914219 20.515316 -31.961111 0.800000 0.000000 -1
0 32.520050 34.510841 -36.853771 1.000000 0.200000 -1
0 33.914219 20.515316 -31.961111 0.800000 0.000000 -1
0 34.877453 20.490440 -35.754780 1.000000 0.000000 -1
0 32.520050 34.510841 -36.853771 1.000000 0.200000 -1
35
0.003640 -0.999965 0.007480
0.003641 -0.999965 0.007480
0.003640 -0.999965 0.007478
0.003640 -0.999965 0.007481
0.003640 -0.999965 0.007481
-0.215324 0.584636 0.782200
-0.821950 0.567550 0.047805
-0.968527 -0.053284 -0.243138
-0.636264 -0.335517 -0.694692
-0.222075 0.965926 -0.132924
-0.448758 -0.161998 -0.878848
0.178521 0.684559 -0.706759
-0.309205 -0.153316 -0.938556
0.833035 0.443924 -0.330127
-0.227039 -0.080109 -0.970585
0.791988 0.096741 -0.602823
-0.059518 -0.035880 -0.997582
0.138030 -0.791642 -0.595189
-0.566369 -0.297534 -0.768570
-0.021783 -0.982553 -0.184705
-0.523573 -0.851784 -0.018279
-0.927928 -0.370337 -0.042428
-0.987747 -0.059306 -0.144357
0.934479 -0.268996 -0.233218
0.840257 -0.230133 0.490925
0.422142 -0.445179 0.789691
-0.028567 -0.363838 0.931024
-0.329346 -0.145600 0.932916
-0.537572 -0.008834 0.843172
0.354017 0.570105 0.741385
0.943574 0.254491 0.211901
0.248117 0.681746 0.688230
0.476270 0.627601 0.615860
0.703132 0.336808 0.626231
0.708399 0.127148 0.694265
53
0 0 1 2 0 1 2 2
0 3 4 5 0 3 1 2
0 6 7 8 0 4 3 2
0 9 10 11 5 6 7 1
0 12 13 14 6 8 7 1
0 15 16 17 6 9 10 1
0 18 19 20 6 10 8 1
0 21 22 23 9 11 10 1
0 24 25 26 11 12 10 1
0 27 28 29 11 13 14 1
0 30 31 32 11 14 12 1
0 33 34 35 13 15 14 1
0 36 37 38 15 16 14 1
0 39 40 41 7 8 17 1
0 42 43 44 7 17 18 1
0 45 46 47 8 10 17 1
0 48 49 50 10 19 17 1
0 51 52 53 10 12 20 1
0 54 55 56 10 20 19 1
0 57 58 59 12 14 20 1
0 60 61 62 14 21 20 1
0 63 64 65 14 16 22 1
0 66 67 68 14 22 21 1
0 69 70 71 18 17 23 1
0 72 73 74 17 24 23 1
0 75 76 77 17 19 25 1
0 78 79 80 17 25 24 1
0 81 82 83 19 20 25 1
0 84 85 86 20 26 25 1
0 87 88 89 20 21 27 1
0 90 91 92 20 27 26 1
0 93 94 95 21 22 27 1
0 96 97 98 22 28 27 1
0 99 100 101 23 24 29 1
0 102 103 104 23 29 30 1
0 105 106 107 24 25 29 1
0 108 109 110 25 31 29 1
0 111 112 113 25 26 32 1
0 114 115 116 25 32 31 1
0 117 118 119 26 27 32 1
0 120 121 122 27 33 32 1
0 123 124 125 27 28 34 1
0 126 127 128 27 34 33 1
0 129 130 131 30 29 5 1
0 132 133 134 29 6 5 1
0 135 136 137 29 31 9 1
0 138 139 140 29 9 6 1
0 141 142 143 31 32 9 1
0 144 145 146 32 11 9 1
0 147 148 149 32 33 13 1
0 150 151 152 32 13 11 1
0 153 154 155 33 34 13 1
0 156 157 158 34 15 13 1
"Body" 0 1
435
0 -0.142857 25.388609 15.483351 0.000000 0.000000 -1
0 -9.325077 14.969267 23.901003 0.000000 0.000000 -1
0 9.064572 14.969267 23.901003 0.000000 0.000000 -1
0 -9.325077 14.969267 23.901003 0.000000 0.000000 -1
0 -0.117647 0.112094 29.575935 0.000000 0.000000 -1
0 9.064572 14.969267 23.901003 0.000000 0.000000 -1
0 -15.764581 0.112100 25.138128 0.000000 0.000000 -1
0 -9.325077 14.969267 23.901003 0.000000 0.000000 -1
0 -24.182219 9.294337 14.718781 0.000000 0.000000 -1
0 -25.419336 15.733839 -0.138392 0.000000 0.000000 -1
0 -24.182219 9.294337 14.718781 0.000000 0.000000 -1
0 -15.000000 24.151501 9.043837 0.000000 0.000000 -1
0 -0.142857 25.388609 15.483351 0.000000 0.000000 -1
0 -15.000000 24.151501 9.043837 0.000000 0.000000 -1
0 -9.325077 14.969267 23.901003 0.000000 0.000000 -1
0 -24.182219 9.294337 14.718781 0.000000 0.000000 -1
0 -9.325077 14.969267 23.901003 0.000000 0.000000 -1
0 -15.000000 24.151501 9.043837 0.000000 0.000000 -1
0 -25.419336 15.733839 -0.138392 0.000000 0.000000 -1
0 -15.000000 24.151501 9.043837 0.000000 0.000000 -1
0 -15.001362 23.849775 -9.325055 0.000000 0.000000 -1
0 -0.142857 25.388609 15.483351 0.000000 0.000000 -1
0 -0.165614 29.152874 -0.151888 0.000000 0.000000 -1
0 -15.000000 24.151501 9.043837 0.000000 0.000000 -1
0 -15.001362 23.849775 -9.325055 0.000000 0.000000 -1
0 -15.000000 24.151501 9.043837 0.000000 0.000000 -1
0 -0.165614 29.152874 -0.151888 0.000000 0.000000 -1
0 -0.142857 25.388609 15.483351 0.000000 0.000000 -1
0 14.714285 24.151501 9.043837 0.000000 0.000000 -1
0 -0.165614 29.152874 -0.151888 0.000000 0.000000 -1
0 25.133623 15.733839 -0.138392 0.000000 0.000000 -1
0 14.670128 23.849781 -9.325053 0.000000 0.000000 -1
0 14.714285 24.151501 9.043837 0.000000 0.000000 -1
0 -0.165614 29.152874 -0.151888 0.000000 0.000000 -1
0 14.714285 24.151501 9.043837 0.000000 0.000000 -1
0 14.670128 23.849781 -9.325053 0.000000 0.000000 -1
0 -0.142857 25.388609 15.483351 0.000000 0.000000 -1
0 9.064572 14.969267 23.901003 0.000000 0.000000 -1
0 14.714285 24.151501 9.043837 0.000000 0.000000 -1
0 25.133623 15.733839 -0.138392 0.000000 0.000000 -1
0 14.714285 24.151501 9.043837 0.000000 0.000000 -1
0 23.896505 9.294337 14.718781 0.000000 0.000000 -1
0 15.504076 0.112100 25.138128 0.000000 0.000000 -1
0 23.896505 9.294337 14.718781 0.000000 0.000000 -1
0 9.064572 14.969267 23.901003 0.000000 0.000000 -1
0 14.714285 24.151501 9.043837 0.000000 0.000000 -1
0 9.064572 14.969267 23.901003 0.000000 0.000000 -1
0 23.896505 9.294337 14.718781 0.000000 0.000000 -1
0 25.133623 15.733839 -0.138392 0.000000 0.000000 -1
0 23.896505 9.294337 14.718781 0.000000 0.000000 -1
0 29.571428 0.112103 -0.138393 0.000000 0.000000 -1
0 25.133623 -15.509641 -0.138391 0.000000 0.000000 -1
0 29.571428 0.112103 -0.138393 0.000000 0.000000 -1
0 23.896505 -9.070131 14.718773 0.000000 0.000000 -1
0 15.504076 0.112100 25.138128 0.000000 0.000000 -1
0 23.896505 -9.070131 14.718773 0.000000 0.000000 -1
0 23.896505 9.294337 14.718781 0.000000 0.000000 -1
0 29.571428 0.112103 -0.138393 0.000000 0.000000 -1
0 23.896505 9.294337 14.718781 0.000000 0.000000 -1
0 23.896505 -9.070131 14.718773 0.000000 0.000000 -1
0 25.133623 15.733839 -0.138392 0.000000 0.000000 -1
0 29.571428 0.112103 -0.138393 0.000000 0.000000 -1
0 23.896505 9.294337 -14.995561 0.000000 0.000000 -1
0 15.478866 0.112098 -25.414919 0.000000 0.000000 -1
0 23.896505 9.294337 -14.995561 0.000000 0.000000 -1
0 23.896505 -9.070129 -14.995545 0.000000 0.000000 -1
0 25.133623 -15.509641 -0.138391 0.000000 0.000000 -1
0 23.896505 -9.070129 -14.995545 0.000000 0.000000 -1
0 29.571428 0.112103 -0.138393 0.000000 0.000000 -1
0 23.896505 9.294337 -14.995561 0.000000 0.000000 -1
0 29.571428 0.112103 -0.138393 0.000000 0.000000 -1
0 23.896505 -9.070129 -14.995545 0.000000 0.000000 -1
0 15.478866 0.112098 -25.414919 0.000000 0.000000 -1
0 9.003379 15.269198 -24.167526 0.000000 0.000000 -1
0 23.896505 9.294337 -14.995561 0.000000 0.000000 -1
0 25.133623 15.733839 -0.138392 0.000000 0.000000 -1
0 23.896505 9.294337 -14.995561 0.000000 0.000000 -1
0 14.670128 23.849781 -9.325053 0.000000 0.000000 -1
0 9.003379 15.269198 -24.167526 0.000000 0.000000 -1
0 14.670128 23.849781 -9.325053 0.000000 0.000000 -1
0 23.896505 9.294337 -14.995561 0.000000 0.000000 -1
0 -9.334604 15.269210 -24.167528 0.000000 0.000000 -1
0 9.003379 15.269198 -24.167526 0.000000 0.000000 -1
0 -0.142857 0.112099 -29.852718 0.000000 0.000000 -1
0 -0.142857 -25.164412 -15.760133 0.000000 0.000000 -1
0 -9.325077 -14.745055 -24.177788 0.000000 0.000000 -1
0 9.039362 -14.745055 -24.177788 0.000000 0.000000 -1
0 -0.142857 -25.164412 -15.760133 0.000000 0.000000 -1
0 9.039362 -14.745055 -24.177788 0.000000 0.000000 -1
0 14.714285 -23.927298 -9.320619 0.000000 0.000000 -1
0 25.133623 -15.509641 -0.138391 0.000000 0.000000 -1
0 14.714285 -23.927298 -9.320619 0.000000 0.000000 -1
0 23.896505 -9.070129 -14.995545 0.000000 0.000000 -1
0 15.478866 0.112098 -25.414919 0.000000 0.000000 -1
0 23.896505 -9.070129 -14.995545 0.000000 0.000000 -1
0 9.039362 -14.745055 -24.177788 0.000000 0.000000 -1
0 14.714285 -23.927298 -9.320619 0.000000 0.000000 -1
0 9.039362 -14.745055 -24.177788 0.000000 0.000000 -1
0 23.896505 -9.070129 -14.995545 0.000000 0.000000 -1
0 -0.142857 -25.164412 -15.760133 0.000000 0.000000 -1
0 14.714285 -23.927298 -9.320619 0.000000 0.000000 -1
0 -0.142857 -29.602209 -0.138394 0.000000 0.000000 -1
0 -0.142857 -25.164410 15.483354 0.000000 0.000000 -1
0 -0.142857 -29.602209 -0.138394 0.000000 0.000000 -1
0 14.714285 -23.927298 9.043839 0.000000 0.000000 -1
0 25.133623 -15.509641 -0.138391 0.000000 0.000000 -1
0 14.714285 -23.927298 9.043839 0.000000 0.000000 -1
0 14.714285 -23.927298 -9.320619 0.000000 0.000000 -1
0 -0.142857 -29.602209 -0.138394 0.000000 0.000000 -1
0 14.714285 -23.927298 -9.320619 0.000000 0.000000 -1
0 14.714285 -23.927298 9.043839 0.000000 0.000000 -1
0 -0.142857 -25.164412 -15.760133 0.000000 0.000000 -1
0 -0.142857 -29.602209 -0.138394 0.000000 0.000000 -1
0 -15.000000 -23.927298 -9.320619 0.000000 0.000000 -1
0 -25.419336 -15.509641 -0.138391 0.000000 0.000000 -1
0 -15.000000 -23.927298 -9.320619 0.000000 0.000000 -1
0 -15.000000 -23.927298 9.043839 0.000000 0.000000 -1
0 -0.142857 -25.164410 15.483354 0.000000 0.000000 -1
0 -15.000000 -23.927298 9.043839 0.000000 0.000000 -1
0 -0.142857 -29.602209 -0.138394 0.000000 0.000000 -1
0 -15.000000 -23.927298 -9.320619 0.000000 0.000000 -1
0 -0.142857 -29.602209 -0.138394 0.000000 0.000000 -1
0 -15.000000 -23.927298 9.043839 0.000000 0.000000 -1
0 -25.419336 -15.509641 -0.138391 0.000000 0.000000 -1
0 -15.000000 -23.927298 9.043839 0.000000 0.000000 -1
0 -24.182219 -9.070131 14.718773 0.000000 0.000000 -1
0 -15.764581 0.112100 25.138128 0.000000 0.000000 -1
0 -24.182219 -9.070131 14.718773 0.000000 0.000000 -1
0 -9.325077 -14.745073 23.901001 0.000000 0.000000 -1
0 -0.142857 -25.164410 15.483354 0.000000 0.000000 -1
0 -9.325077 -14.745073 23.901001 0.000000 0.000000 -1
0 -15.000000 -23.927298 9.043839 0.000000 0.000000 -1
0 -24.182219 -9.070131 14.718773 0.000000 0.000000 -1
0 -15.000000 -23.927298 9.043839 0.000000 0.000000 -1
0 -9.325077 -14.745073 23.901001 0.000000 0.000000 -1
0 -0.142857 -25.164410 15.483354 0.000000 0.000000 -1
0 9.039362 -14.745073 23.901001 0.000000 0.000000 -1
0 -9.325077 -14.745073 23.901001 0.000000 0.000000 -1
0 -0.142857 -25.164410 15.483354 0.000000 0.000000 -1
0 14.714285 -23.927298 9.043839 0.000000 0.000000 -1
0 9.039362 -14.745073 23.901001 0.000000 0.000000 -1
0 15.504076 0.112100 25.138128 0.000000 0.000000 -1
0 9.039362 -14.745073 23.901001 0.000000 0.000000 -1
0 23.896505 -9.070131 14.718773 0.000000 0.000000 -1
0 25.133623 -15.509641 -0.138391 0.000000 0.000000 -1
0 23.896505 -9.070131 14.718773 0.000000 0.000000 -1
0 14.714285 -23.927298 9.043839 0.000000 0.000000 -1
0 9.039362 -14.745073 23.901001 0.000000 0.000000 -1
0 14.714285 -23.927298 9.043839 0.000000 0.000000 -1
0 23.896505 -9.070131 14.718773 0.000000 0.000000 -1
0 -25.419336 15.733839 -0.138392 0.000000 0.000000 -1
0 -29.857141 0.112103 -0.138393 0.000000 0.000000 -1
0 -24.182219 9.294337 14.718781 0.000000 0.000000 -1
0 -15.764581 0.112100 25.138128 0.000000 0.000000 -1
0 -24.182219 9.294337 14.718781 0.000000 0.000000 -1
0 -24.182219 -9.070131 14.718773 0.000000 0.000000 -1
0 -25.419336 -15.509641 -0.138391 0.000000 0.000000 -1
0 -24.182219 -9.070131 14.718773 0.000000 0.000000 -1
0 -29.857141 0.112103 -0.138393 0.000000 0.000000 -1
0 -24.182219 9.294337 14.718781 0.000000 0.000000 -1
0 -29.857141 0.112103 -0.138393 0.000000 0.000000 -1
0 -24.182219 -9.070131 14.718773 0.000000 0.000000 -1
0 -25.419336 15.733839 -0.138392 0.000000 0.000000 -1
0 -24.182219 9.294337 -14.995561 0.000000 0.000000 -1
0 -29.857141 0.112103 -0.138393 0.000000 0.000000 -1
0 -25.419336 -15.509641 -0.138391 0.000000 0.000000 -1
0 -29.857141 0.112103 -0.138393 0.000000 0.000000 -1
0 -24.182219 -9.070129 -14.995545 0.000000 0.000000 -1
0 -15.764581 0.112098 -25.414919 0.000000 0.000000 -1
0 -24.182219 -9.070129 -14.995545 0.000000 0.000000 -1
0 -24.182219 9.294337 -14.995561 0.000000 0.000000 -1
0 -29.857141 0.112103 -0.138393 0.000000 0.000000 -1
0 -24.182219 9.294337 -14.995561 0.000000 0.000000 -1
0 -24.182219 -9.070129 -14.995545 0.000000 0.000000 -1
0 -25.419336 15.733839 -0.138392 0.000000 0.000000 -1
0 -15.001362 23.849775 -9.325055 0.000000 0.000000 -1
0 -24.182219 9.294337 -14.995561 0.000000 0.000000 -1
0 -15.764581 0.112098 -25.414919 0.000000 0.000000 -1
0 -24.182219 9.294337 -14.995561 0.000000 0.000000 -1
0 -9.334604 15.269210 -24.167528 0.000000 0.000000 -1
0 -24.182219 9.294337 -14.995561 0.000000 0.000000 -1
0 -15.001362 23.849775 -9.325055 0.000000 0.000000 -1
0 -9.334604 15.269210 -24.167528 0.000000 0.000000 -1
0 -0.142857 -25.164412 -15.760133 0.000000 0.000000 -1
0 -15.000000 -23.927298 -9.320619 0.000000 0.000000 -1
0 -9.325077 -14.745055 -24.177788 0.000000 0.000000 -1
0 -15.764581 0.112098 -25.414919 0.000000 0.000000 -1
0 -9.325077 -14.745055 -24.177788 0.000000 0.000000 -1
0 -24.182219 -9.070129 -14.995545 0.000000 0.000000 -1
0 -25.419336 -15.509641 -0.138391 0.000000 0.000000 -1
0 -24.182219 -9.070129 -14.995545 0.000000 0.000000 -1
0 -15.000000 -23.927298 -9.320619 0.000000 0.000000 -1
0 -9.325077 -14.745055 -24.177788 0.000000 0.000000 -1
0 -15.000000 -23.927298 -9.320619 0.000000 0.000000 -1
0 -24.182219 -9.070129 -14.995545 0.000000 0.000000 -1
0 -15.764581 0.112100 25.138128 0.000000 0.000000 -1
0 -5.000000 -4.098976 28.006077 0.000000 0.000000 -1
0 -0.117647 0.112094 29.575935 0.000000 0.000000 -1
0 -0.117647 0.112094 29.575935 0.000000 0.000000 -1
0 5.000000 -4.098976 28.006077 0.000000 0.000000 -1
0 15.504076 0.112100 25.138128 0.000000 0.000000 -1
0 -1.000000 -4.098976 28.006077 0.000000 0.000000 -1
0 0.000000 -5.978375 27.322021 0.000000 0.000000 -1
0 1.000000 -4.098976 28.006077 0.000000 0.000000 -1
0 1.000000 -4.098976 28.006077 0.000000 0.000000 -1
0 2.000000 -5.978375 27.322021 0.000000 0.000000 -1
0 3.000000 -4.098976 28.006077 0.000000 0.000000 -1
0 3.000000 -4.098976 28.006077 0.000000 0.000000 -1
0 4.000000 -5.978375 27.322021 0.000000 0.000000 -1
0 5.000000 -4.098976 28.006077 0.000000 0.000000 -1
0 -3.000000 -4.098976 28.006077 0.000000 0.000000 -1
0 -2.000000 -5.978375 27.322021 0.000000 0.000000 -1
0 -1.000000 -4.098976 28.006077 0.000000 0.000000 -1
0 -5.000000 -4.098976 28.006077 0.000000 0.000000 -1
0 -4.000000 -5.978375 27.322021 0.000000 0.000000 -1
0 -3.000000 -4.098976 28.006077 0.000000 0.000000 -1
0 -0.117647 0.112094 29.575935 0.000000 0.000000 -1
0 -1.000000 -4.098976 28.006077 0.000000 0.000000 -1
0 1.000000 -4.098976 28.006077 0.000000 0.000000 -1
0 1.000000 -4.098976 28.006077 0.000000 0.000000 -1
0 3.000000 -4.098976 28.006077 0.000000 0.000000 -1
0 -0.117647 0.112094 29.575935 0.000000 0.000000 -1
0 -0.117647 0.112094 29.575935 0.000000 0.000000 -1
0 3.000000 -4.098976 28.006077 0.000000 0.000000 -1
0 5.000000 -4.098976 28.006077 0.000000 0.000000 -1
0 -0.117647 0.112094 29.575935 0.000000 0.000000 -1
0 -3.000000 -4.098976 28.006077 0.000000 0.000000 -1
0 -1.000000 -4.098976 28.006077 0.000000 0.000000 -1
0 -3.000000 -4.098976 28.006077 0.000000 0.000000 -1
0 -0.117647 0.112094 29.575935 0.000000 0.000000 -1
0 -5.000000 -4.098976 28.006077 0.000000 0.000000 -1
0 5.000000 -4.098976 28.006077 0.000000 0.000000 -1
0 6.000000 -5.978375 27.322021 0.000000 0.000000 -1
0 15.504076 0.112100 25.138128 0.000000 0.000000 -1
0 15.504076 0.112100 25.138128 0.000000 0.000000 -1
0 6.000000 -5.978375 27.322021 0.000000 0.000000 -1
0 8.000000 -6.918060 26.980022 0.000000 0.000000 -1
0 -15.764581 0.112100 25.138128 0.000000 0.000000 -1
0 -6.000000 -5.978375 27.322021 0.000000 0.000000 -1
0 -5.000000 -4.098976 28.006077 0.000000 0.000000 -1
0 -8.000000 -6.918060 26.980022 0.000000 0.000000 -1
0 -6.000000 -5.978375 27.322021 0.000000 0.000000 -1
0 -15.764581 0.112100 25.138128 0.000000 0.000000 -1
0 -15.764581 0.112100 25.138128 0.000000 0.000000 -1
0 -8.000000 -7.857756 26.638008 0.000000 0.000000 -1
0 -8.000000 -6.918060 26.980022 0.000000 0.000000 -1
0 8.000000 -7.857756 26.638008 0.000000 0.000000 -1
0 15.504076 0.112100 25.138128 0.000000 0.000000 -1
0 8.000000 -6.918060 26.980022 0.000000 0.000000 -1
0 8.000000 -7.857756 26.638008 0.000000 0.000000 -1
0 9.039362 -14.745073 23.901001 0.000000 0.000000 -1
0 15.504076 0.112100 25.138128 0.000000 0.000000 -1
0 -9.325077 -14.745073 23.901001 0.000000 0.000000 -1
0 -8.000000 -7.857756 26.638008 0.000000 0.000000 -1
0 -15.764581 0.112100 25.138128 0.000000 0.000000 -1
0 -9.325077 -14.745073 23.901001 0.000000 0.000000 -1
0 -6.000000 -8.797446 26.295990 0.000000 0.000000 -1
0 -8.000000 -7.857756 26.638008 0.000000 0.000000 -1
0 -9.325077 -14.745073 23.901001 0.000000 0.000000 -1
0 -5.000000 -10.676842 25.611935 0.000000 0.000000 -1
0 -6.000000 -8.797446 26.295990 0.000000 0.000000 -1
0 6.000000 -8.797446 26.295990 0.000000 0.000000 -1
0 9.039362 -14.745073 23.901001 0.000000 0.000000 -1
0 8.000000 -7.857756 26.638008 0.000000 0.000000 -1
0 5.000000 -10.676842 25.611935 0.000000 0.000000 -1
0 9.039362 -14.745073 23.901001 0.000000 0.000000 -1
0 6.000000 -8.797446 26.295990 0.000000 0.000000 -1
0 3.000000 -10.676842 25.611935 0.000000 0.000000 -1
0 5.000000 -10.676842 25.611935 0.000000 0.000000 -1
0 4.000000 -8.797446 26.295990 0.000000 0.000000 -1
0 1.000000 -10.676842 25.611935 0.000000 0.000000 -1
0 3.000000 -10.676842 25.611935 0.000000 0.000000 -1
0 2.000000 -8.797446 26.295990 0.000000 0.000000 -1
0 -1.000000 -10.676842 25.611935 0.000000 0.000000 -1
0 1.000000 -10.676842 25.611935 0.000000 0.000000 -1
0 0.000000 -8.797446 26.295990 0.000000 0.000000 -1
0 -3.000000 -10.676842 25.611935 0.000000 0.000000 -1
0 -1.000000 -10.676842 25.611935 0.000000 0.000000 -1
0 -2.000000 -8.797446 26.295990 0.000000 0.000000 -1
0 -5.000000 -10.676842 25.611935 0.000000 0.000000 -1
0 -3.000000 -10.676842 25.611935 0.000000 0.000000 -1
0 -4.000000 -8.797446 26.295990 0.000000 0.000000 -1
0 -9.325077 -14.745073 23.901001 0.000000 0.000000 -1
0 -3.000000 -10.676842 25.611935 0.000000 0.000000 -1
0 -5.000000 -10.676842 25.611935 0.000000 0.000000 -1
0 5.000000 -10.676842 25.611935 0.000000 0.000000 -1
0 3.000000 -10.676842 25.611935 0.000000 0.000000 -1
0 9.039362 -14.745073 23.901001 0.000000 0.000000 -1
0 3.000000 -10.676842 25.611935 0.000000 0.000000 -1
0 1.000000 -10.676842 25.611935 0.000000 0.000000 -1
0 9.039362 -14.745073 23.901001 0.000000 0.000000 -1
0 -1.000000 -10.676842 25.611935 0.000000 0.000000 -1
0 -3.000000 -10.676842 25.611935 0.000000 0.000000 -1
0 -9.325077 -14.745073 23.901001 0.000000 0.000000 -1
0 -9.325077 -14.745073 23.901001 0.000000 0.000000 -1
0 1.000000 -10.676842 25.611935 0.000000 0.000000 -1
0 -1.000000 -10.676842 25.611935 0.000000 0.000000 -1
0 1.000000 -10.676842 25.611935 0.000000 0.000000 -1
0 -9.325077 -14.745073 23.901001 0.000000 0.000000 -1
0 9.039362 -14.745073 23.901001 0.000000 0.000000 -1
0 -9.319697 3.442491 27.347523 0.000000 0.000000 -1
0 -0.117647 0.112094 29.575935 0.000000 0.000000 -1
0 -5.860913 5.091083 27.105091 0.000000 0.000000 -1
0 -9.319697 3.442491 27.347523 0.000000 0.000000 -1
0 -15.764581 0.112100 25.138128 0.000000 0.000000 -1
0 -0.117647 0.112094 29.575935 0.000000 0.000000 -1
0 -9.319697 3.442491 27.347523 0.000000 0.000000 -1
0 -12.200327 5.117253 26.186676 0.000000 0.000000 -1
0 -15.764581 0.112100 25.138128 0.000000 0.000000 -1
0 -15.764581 0.112100 25.138128 0.000000 0.000000 -1
0 -12.200327 5.117253 26.186676 0.000000 0.000000 -1
0 -9.325077 14.969267 23.901003 0.000000 0.000000 -1
0 -9.325077 14.969267 23.901003 0.000000 0.000000 -1
0 -5.860913 5.091083 27.105091 0.000000 0.000000 -1
0 -0.117647 0.112094 29.575935 0.000000 0.000000 -1
0 -9.325077 14.969267 23.901003 0.000000 0.000000 -1
0 -8.709813 6.635001 26.007288 0.000000 0.000000 -1
0 -5.860913 5.091083 27.105091 0.000000 0.000000 -1
0 -9.325077 14.969267 23.901003 0.000000 0.000000 -1
0 -12.200327 5.117253 26.186676 0.000000 0.000000 -1
0 -8.709813 6.635001 26.007288 0.000000 0.000000 -1
0 5.625619 5.091083 27.105091 0.000000 0.000000 -1
0 -0.117647 0.112094 29.575935 0.000000 0.000000 -1
0 9.084403 3.442491 27.347523 0.000000 0.000000 -1
0 -0.117647 0.112094 29.575935 0.000000 0.000000 -1
0 15.504076 0.112100 25.138128 0.000000 0.000000 -1
0 9.084403 3.442491 27.347523 0.000000 0.000000 -1
0 15.504076 0.112100 25.138128 0.000000 0.000000 -1
0 11.965033 5.117253 26.186676 0.000000 0.000000 -1
0 9.084403 3.442491 27.347523 0.000000 0.000000 -1
0 9.064572 14.969267 23.901003 0.000000 0.000000 -1
0 11.965033 5.117253 26.186676 0.000000 0.000000 -1
0 15.504076 0.112100 25.138128 0.000000 0.000000 -1
0 -0.117647 0.112094 29.575935 0.000000 0.000000 -1
0 5.625619 5.091083 27.105091 0.000000 0.000000 -1
0 9.064572 14.969267 23.901003 0.000000 0.000000 -1
0 5.625619 5.091083 27.105091 0.000000 0.000000 -1
0 8.474519 6.635001 26.007288 0.000000 0.000000 -1
0 9.064572 14.969267 23.901003 0.000000 0.000000 -1
0 8.474519 6.635001 26.007288 0.000000 0.000000 -1
0 11.965033 5.117253 26.186676 0.000000 0.000000 -1
0 9.064572 14.969267 23.901003 0.000000 0.000000 -1
0 15.478866 0.112098 -25.414919 0.000000 0.000000 -1
0 -0.142857 0.112099 -29.852718 0.000000 0.000000 -1
0 9.003379 15.269198 -24.167526 0.000000 0.000000 -1
0 9.039362 -14.745055 -24.177788 0.000000 0.000000 -1
0 -0.142857 0.112099 -29.852718 0.000000 0.000000 -1
0 15.478866 0.112098 -25.414919 0.000000 0.000000 -1
0 -0.142857 0.112099 -29.852718 0.000000 0.000000 -1
0 9.039362 -14.745055 -24.177788 0.000000 0.000000 -1
0 -9.325077 -14.745055 -24.177788 0.000000 0.000000 -1
0 -0.142857 0.112099 -29.852718 0.000000 0.000000 -1
0 -9.325077 -14.745055 -24.177788 0.000000 0.000000 -1
0 -15.764581 0.112098 -25.414919 0.000000 0.000000 -1
0 -15.764581 0.112098 -25.414919 0.000000 0.000000 -1
0 -9.334604 15.269210 -24.167528 0.000000 0.000000 -1
0 -0.142857 0.112099 -29.852718 0.000000 0.000000 -1
0 -15.001362 23.849775 -9.325055 0.000000 0.000000 -1
0 -9.334604 15.269210 -24.167528 0.000000 0.000000 -1
0 9.003379 15.269198 -24.167526 0.000000 0.000000 -1
0 -15.001362 23.849775 -9.325055 0.000000 0.000000 -1
0 9.003379 15.269198 -24.167526 0.000000 0.000000 -1
0 14.670128 23.849781 -9.325053 0.000000 0.000000 -1
0 -15.001362 23.849775 -9.325055 0.000000 0.000000 -1
0 14.670128 23.849781 -9.325053 0.000000 0.000000 -1
0 -0.165614 29.152874 -0.151888 0.000000 0.000000 -1
0 -15.001362 23.849775 -9.325055 0.000000 1.000000 -1
0 -15.102723 30.078623 -12.735307 0.000000 0.000000 -1
0 -9.334604 15.269210 -24.167528 0.200000 1.000000 -1
0 -15.102723 30.078623 -12.735307 0.000000 0.000000 -1
0 -9.444132 22.099695 -27.563116 0.200000 0.000000 -1
0 -9.334604 15.269210 -24.167528 0.200000 1.000000 -1
0 -9.334604 15.269210 -24.167528 0.200000 1.000000 -1
0 -9.444132 22.099695 -27.563116 0.200000 0.000000 -1
0 8.867395 22.099695 -27.563116 0.400000 0.000000 -1
0 -9.334604 15.269210 -24.167528 0.200000 1.000000 -1
0 8.867395 22.099695 -27.563116 0.400000 0.000000 -1
0 9.003379 15.269198 -24.167526 0.400000 1.000000 -1
0 9.003379 15.269198 -24.167526 0.400000 1.000000 -1
0 8.867395 22.099695 -27.563116 0.400000 0.000000 -1
0 14.670128 23.849781 -9.325053 0.600000 1.000000 -1
0 8.867395 22.099695 -27.563116 0.400000 0.000000 -1
0 14.525970 30.078623 -12.735307 0.600000 0.000000 -1
0 14.670128 23.849781 -9.325053 0.600000 1.000000 -1
0 14.670128 23.849781 -9.325053 0.600000 1.000000 -1
0 14.525970 30.078623 -12.735307 0.600000 0.000000 -1
0 -0.288372 35.009853 -3.571203 0.800000 0.000000 -1
0 14.670128 23.849781 -9.325053 0.600000 1.000000 -1
0 -0.288372 35.009853 -3.571203 0.800000 0.000000 -1
0 -0.165614 29.152874 -0.151888 0.800000 1.000000 -1
0 -0.165614 29.152874 -0.151888 0.800000 1.000000 -1
0 -0.288372 35.009853 -3.571203 0.800000 0.000000 -1
0 -15.001362 23.849775 -9.325055 1.000000 1.000000 -1
0 -0.288372 35.009853 -3.571203 0.800000 0.000000 -1
0 -15.102723 30.078623 -12.735307 1.000000 0.000000 -1
0 -15.001362 23.849775 -9.325055 1.000000 1.000000 -1
0 -0.193958 30.079241 -12.941422 0.000000 0.000000 -1
0 -3.369239 28.900537 -14.903068 0.000000 0.000000 -1
0 -2.156389 26.993406 -18.077101 0.000000 0.000000 -1
0 -0.193958 30.079241 -12.941422 0.000000 0.000000 -1
0 -2.156389 26.993406 -18.077101 0.000000 0.000000 -1
0 1.768475 26.993404 -18.077093 0.000000 0.000000 -1
0 -0.193958 30.079241 -12.941422 0.000000 0.000000 -1
0 1.768475 26.993404 -18.077093 0.000000 0.000000 -1
0 2.981325 28.900537 -14.903068 0.000000 0.000000 -1
0 -0.193958 30.079241 -12.941422 0.000000 0.000000 -1
0 -0.288372 35.009853 -3.571203 0.000000 0.000000 -1
0 14.525970 30.078623 -12.735307 0.000000 0.000000 -1
0 -15.102723 30.078623 -12.735307 0.000000 0.000000 -1
0 -0.288372 35.009853 -3.571203 0.000000 0.000000 -1
0 -0.193958 30.079241 -12.941422 0.000000 0.000000 -1
0 -0.193958 30.079241 -12.941422 0.000000 0.000000 -1
0 14.525970 30.078623 -12.735307 0.000000 0.000000 -1
0 2.981325 28.900537 -14.903068 0.000000 0.000000 -1
0 -3.369239 28.900537 -14.903068 0.000000 0.000000 -1
0 -15.102723 30.078623 -12.735307 0.000000 0.000000 -1
0 -0.193958 30.079241 -12.941422 0.000000 0.000000 -1
0 2.981325 28.900537 -14.903068 0.000000 0.000000 -1
0 14.525970 30.078623 -12.735307 0.000000 0.000000 -1
0 8.867395 22.099695 -27.563116 0.000000 0.000000 -1
0 -15.102723 30.078623 -12.735307 0.000000 0.000000 -1
0 -3.369239 28.900537 -14.903068 0.000000 0.000000 -1
0 -9.444132 22.099695 -27.563116 0.000000 0.000000 -1
0 -9.444132 22.099695 -27.563116 0.000000 0.000000 -1
0 -3.369239 28.900537 -14.903068 0.000000 0.000000 -1
0 -2.156389 26.993406 -18.077101 0.000000 0.000000 -1
0 2.981325 28.900537 -14.903068 0.000000 0.000000 -1
0 8.867395 22.099695 -27.563116 0.000000 0.000000 -1
0 1.768475 26.993404 -18.077093 0.000000 0.000000 -1
0 1.768475 26.993404 -18.077093 0.000000 0.000000 -1
0 8.867395 22.099695 -27.563116 0.000000 0.000000 -1
0 -9.444132 22.099695 -27.563116 0.000000 0.000000 -1
0 -9.444132 22.099695 -27.563116 0.000000 0.000000 -1
0 -2.156389 26.993406 -18.077101 0.000000 0.000000 -1
0 1.768475 26.993404 -18.077093 0.000000 0.000000 -1
94
-0.000070 0.859294 0.511482
-0.314466 0.434661 0.843908
0.313528 0.557784 0.768490
-0.054985 -0.094225 0.994031
-0.470132 -0.041854 0.881603
-0.809017 0.309017 0.499999
-0.848489 0.529203 -0.003339
-0.492903 0.817274 0.298512
-0.598393 0.764727 -0.238996
-0.000170 0.993702 0.112054
0.492766 0.817600 0.297844
0.848136 0.529766 -0.003787
0.597175 0.765444 -0.239745
0.809314 0.309043 0.499504
0.480064 -0.093069 0.872282
1.000000 -0.000000 -0.000000
0.850651 -0.525730 -0.000000
0.809151 -0.309175 0.499686
0.809043 0.312170 -0.497996
0.526184 -0.001218 -0.850370
0.809017 -0.309017 -0.499999
0.379411 0.381313 -0.842999
-0.380095 0.380527 -0.843046
-0.000007 -0.002014 -0.999998
0.000000 -0.850651 -0.525731
-0.309017 -0.500000 -0.809017
0.309017 -0.500000 -0.809017
0.500000 -0.809017 -0.309017
0.000000 -1.000000 -0.000000
0.000000 -0.850651 0.525731
0.500000 -0.809017 0.309017
-0.500000 -0.809017 -0.309017
-0.850651 -0.525730 -0.000000
-0.500000 -0.809017 0.309017
-0.809017 -0.309017 0.499999
-0.186659 -0.458639 0.868797
0.208402 -0.466291 0.859733
-1.000000 -0.000000 -0.000000
-0.809528 0.311386 -0.497697
-0.809017 -0.309017 -0.499999
-0.526370 -0.001663 -0.850254
-0.149999 -0.230774 0.961376
0.151835 -0.226071 0.962205
0.000000 -0.345670 0.938356
0.000000 -0.342025 0.939691
0.259047 -0.058540 0.964089
0.347554 -0.127602 0.928937
-0.254936 -0.062730 0.964921
-0.339587 -0.131036 0.931403
-0.312943 -0.316994 0.895311
0.325341 -0.320006 0.889803
-0.023254 -0.362218 0.931803
-0.011040 -0.362467 0.931931
0.024131 -0.362788 0.931559
0.011544 -0.362700 0.931834
0.000000 -0.364958 0.931024
0.000000 -0.342025 0.939691
0.000000 -0.369519 0.929223
-0.245397 0.098650 0.964390
-0.183255 0.269140 0.945506
-0.380193 0.225099 0.897098
-0.150312 0.231794 0.961082
0.182886 0.269628 0.945438
0.195768 0.161538 0.967254
0.245779 0.097833 0.964376
0.455562 0.101035 0.884452
0.382832 0.225629 0.895841
0.308509 0.273076 0.911181
0.150125 0.232242 0.961003
-0.000000 -0.865741 0.500493
-0.000001 -0.865741 0.500492
-0.000000 -0.865741 0.500493
0.000000 -0.865741 0.500493
0.000000 -0.865741 0.500493
-0.847553 0.251363 0.467408
-0.640149 0.694879 -0.327648
-0.584865 -0.371954 -0.720821
-0.204165 0.676351 -0.707719
0.409635 0.332100 -0.849652
0.585011 -0.351660 -0.730820
0.950030 0.174697 0.258697
0.447244 0.843396 -0.297752
-0.000012 0.870797 0.491643
-0.000026 0.504172 0.863603
-0.000000 -0.857167 0.515038
0.000009 -0.857168 0.515037
0.000004 -0.857167 0.515038
-0.000005 -0.857167 0.515038
-0.000008 -0.857168 0.515038
0.000043 0.873812 -0.486265
-0.019655 0.870258 -0.492203
0.019299 0.870182 -0.492352
0.032007 0.878022 -0.477549
-0.021715 0.881785 -0.471152
145
0 0 1 2 0 1 2 1
0 3 4 5 1 3 2 1
0 6 7 8 4 1 5 1
0 9 10 11 6 5 7 1
0 12 13 14 0 7 1 1
0 15 16 17 5 1 7 1
0 18 19 20 6 7 8 1
0 21 22 23 0 9 7 1
0 24 25 26 8 7 9 1
0 27 28 29 0 10 9 1
0 30 31 32 11 12 10 1
0 33 34 35 9 10 12 1
0 36 37 38 0 2 10 1
0 39 40 41 11 10 13 1
0 42 43 44 14 13 2 1
0 45 46 47 10 2 13 1
0 48 49 50 11 13 15 1
0 51 52 53 16 15 17 1
0 54 55 56 14 17 13 1
0 57 58 59 15 13 17 1
0 60 61 62 11 15 18 1
0 63 64 65 19 18 20 1
0 66 67 68 16 20 15 1
0 69 70 71 18 15 20 1
0 72 73 74 19 21 18 1
0 75 76 77 11 18 12 1
0 78 79 80 21 12 18 1
0 81 82 83 22 21 23 1
0 84 85 86 24 25 26 1
0 87 88 89 24 26 27 1
0 90 91 92 16 27 20 1
0 93 94 95 19 20 26 1
0 96 97 98 27 26 20 1
0 99 100 101 24 27 28 1
0 102 103 104 29 28 30 1
0 105 106 107 16 30 27 1
0 108 109 110 28 27 30 1
0 111 112 113 24 28 31 1
0 114 115 116 32 31 33 1
0 117 118 119 29 33 28 1
0 120 121 122 31 28 33 1
0 123 124 125 32 33 34 1
0 126 127 128 4 34 35 1
0 129 130 131 29 35 33 1
0 132 133 134 34 33 35 1
0 135 136 137 29 36 35 1
0 138 139 140 29 30 36 1
0 141 142 143 14 36 17 1
0 144 145 146 16 17 30 1
0 147 148 149 36 30 17 1
0 150 151 152 6 37 5 1
0 153 154 155 4 5 34 1
0 156 157 158 32 34 37 1
0 159 160 161 5 37 34 1
0 162 163 164 6 38 37 1
0 165 166 167 32 37 39 1
0 168 169 170 40 39 38 1
0 171 172 173 37 38 39 1
0 174 175 176 6 8 38 1
0 177 178 179 40 38 22 1
0 180 181 182 38 8 22 1
0 183 184 185 24 31 25 1
0 186 187 188 40 25 39 1
0 189 190 191 32 39 31 1
0 192 193 194 25 31 39 1
0 195 196 197 4 41 3 1
0 198 199 200 3 42 14 1
0 201 202 203 43 44 43 1
0 204 205 206 43 44 43 1
0 207 208 209 43 44 42 1
0 210 211 212 43 44 43 1
0 213 214 215 41 44 43 1
0 216 217 218 3 43 43 1
0 219 220 221 43 43 3 1
0 222 223 224 3 43 42 1
0 225 226 227 3 43 43 1
0 228 229 230 43 3 41 1
0 231 232 233 42 45 14 1
0 234 235 236 14 45 46 1
0 237 238 239 4 47 41 1
0 240 241 242 48 47 4 1
0 243 244 245 4 49 48 1
0 246 247 248 50 14 46 1
0 249 250 251 50 36 14 1
0 252 253 254 35 49 4 1
0 255 256 257 35 51 49 1
0 258 259 260 35 52 51 1
0 261 262 263 53 36 50 1
0 264 265 266 54 36 53 1
0 267 268 269 55 54 56 1
0 270 271 272 57 55 56 1
0 273 274 275 55 57 56 1
0 276 277 278 55 55 56 1
0 279 280 281 52 55 56 1
0 282 283 284 35 55 52 1
0 285 286 287 54 55 36 1
0 288 289 290 55 57 36 1
0 291 292 293 55 55 35 1
0 294 295 296 35 57 55 1
0 297 298 299 57 35 36 1
0 300 301 302 58 3 59 1
0 303 304 305 58 4 3 1
0 306 307 308 58 60 4 1
0 309 310 311 4 60 1 1
0 312 313 314 1 59 3 1
0 315 316 317 1 61 59 1
0 318 319 320 1 60 61 1
0 321 322 323 62 63 64 1
0 324 325 326 63 65 64 1
0 327 328 329 65 66 64 1
0 330 331 332 67 66 65 1
0 333 334 335 63 62 67 1
0 336 337 338 62 68 67 1
0 339 340 341 68 66 67 1
0 342 343 344 19 23 21 1
0 345 346 347 26 23 19 1
0 348 349 350 23 26 25 1
0 351 352 353 23 25 40 1
0 354 355 356 40 22 23 1
0 357 358 359 69 70 71 2
0 360 361 362 69 71 72 2
0 363 364 365 69 72 73 2
0 366 367 368 74 75 76 1
0 369 370 371 75 77 76 1
0 372 373 374 76 77 78 1
0 375 376 377 76 78 79 1
0 378 379 380 79 78 80 1
0 381 382 383 78 81 80 1
0 384 385 386 80 81 82 1
0 387 388 389 80 82 83 1
0 390 391 392 83 82 74 1
0 393 394 395 82 75 74 1
0 396 397 398 84 85 86 2
0 399 400 401 84 86 87 2
0 402 403 404 84 87 88 2
0 405 406 407 89 82 81 1
0 408 409 410 75 82 89 1
0 411 412 413 89 81 90 1
0 414 415 416 91 75 89 1
0 417 418 419 90 81 78 1
0 420 421 422 75 91 77 1
0 423 424 425 77 91 92 1
0 426 427 428 90 78 93 1
0 429 430 431 93 78 77 1
0 432 433 434 77 92 93 1

Materials: 3
"Color"
1.000000 1.000000 1.000000 1.000000
1.000000 1.000000 1.000000 1.000000
1.000000 1.000000 1.000000 1.000000
0.000000 0.000000 0.000000 1.000000
128.000000
1.000000
"Yellow.png"
""
"Black"
0.000000 0.000000 0.000000 1.000000
0.549020 0.549020 0.549020 1.000000
1.000000 1.000000 1.000000 1.000000
0.301961 0.301961 0.301961 1.000000
128.000000
1.000000
"MINEMINEMINE.png"
""
"White"
1.000000 1.000000 1.000000 1.000000
1.000000 1.000000 1.000000 1.000000
1.000000 1.000000 1.000000 1.000000
0.000000 0.000000 0.000000 1.000000
125.000000
1.000000
"White.png"
""

Bones: 0
GroupComments: 0
MaterialComments: 0
BoneComments: 0
ModelComment: 0
