// MilkShape 3D ASCII

Frames: 30
Frame: 1

Meshes: 2
"Regroup01" 0 0
450
0 32.000000 0.000000 -13.000000 0.999999 1.002974 -1
0 32.000000 0.000000 13.000000 0.000000 1.002973 -1
0 26.000000 0.000000 11.000000 0.076923 0.002973 -1
0 26.000000 0.000000 11.000000 0.076923 0.002973 -1
0 26.000000 0.000000 -11.000000 0.923077 0.002973 -1
0 32.000000 0.000000 -13.000000 0.999999 1.002974 -1
0 13.000000 0.000000 -32.000000 0.988091 0.997174 -1
0 32.000000 0.000000 -13.000000 0.015618 0.997174 -1
0 26.000000 0.000000 -11.000000 0.117983 0.003365 -1
0 26.000000 0.000000 -11.000000 0.117983 0.003365 -1
0 11.000000 0.000000 -26.000000 0.885726 0.003365 -1
0 13.000000 0.000000 -32.000000 0.988091 0.997174 -1
0 11.000000 0.000000 -26.000000 0.923077 1.000000 -1
0 -13.000000 0.000000 -32.000000 0.000000 0.000000 -1
0 13.000000 0.000000 -32.000000 1.000000 0.000000 -1
0 -13.000000 0.000000 -32.000000 0.000000 0.000000 -1
0 11.000000 0.000000 -26.000000 0.923077 1.000000 -1
0 -11.000000 0.000000 -26.000000 0.076923 1.000000 -1
0 -11.000000 0.000000 -26.000000 0.875048 0.994056 -1
0 -32.000000 0.000000 -13.000000 0.015571 0.001175 -1
0 -13.000000 0.000000 -32.000000 0.976164 0.001175 -1
0 -26.000000 0.000000 -11.000000 0.116686 0.994056 -1
0 -32.000000 0.000000 -13.000000 0.015571 0.001175 -1
0 -11.000000 0.000000 -26.000000 0.875048 0.994056 -1
0 -32.000000 0.000000 13.000000 -0.002973 0.000991 -1
0 -32.000000 0.000000 -13.000000 0.997027 0.000991 -1
0 -26.000000 0.000000 -11.000000 0.920104 1.000990 -1
0 -26.000000 0.000000 -11.000000 0.920104 1.000990 -1
0 -26.000000 0.000000 11.000000 0.073950 1.000990 -1
0 -32.000000 0.000000 13.000000 -0.002973 0.000991 -1
0 -13.000000 0.000000 32.000000 0.007416 0.004160 -1
0 -32.000000 0.000000 13.000000 0.992731 0.004161 -1
0 -26.000000 0.000000 11.000000 0.889014 0.996657 -1
0 -26.000000 0.000000 11.000000 0.889014 0.996657 -1
0 -11.000000 0.000000 26.000000 0.111133 0.996656 -1
0 -13.000000 0.000000 32.000000 0.007416 0.004160 -1
0 13.000000 0.000000 32.000000 1.000000 1.000000 -1
0 -13.000000 0.000000 32.000000 0.000000 1.000000 -1
0 -11.000000 0.000000 26.000000 0.076923 0.000000 -1
0 -11.000000 0.000000 26.000000 0.076923 0.000000 -1
0 11.000000 0.000000 26.000000 0.923077 0.000000 -1
0 13.000000 0.000000 32.000000 1.000000 1.000000 -1
0 32.000000 0.000000 13.000000 0.996614 0.996453 -1
0 13.000000 0.000000 32.000000 0.010143 0.996453 -1
0 11.000000 0.000000 26.000000 0.113982 0.000195 -1
0 11.000000 0.000000 26.000000 0.113982 0.000195 -1
0 26.000000 0.000000 11.000000 0.892774 0.000195 -1
0 32.000000 0.000000 13.000000 0.996614 0.996453 -1
0 32.000000 -16.000000 -13.000000 0.999999 1.002974 -1
0 32.000000 -16.000000 13.000000 0.000000 1.002973 -1
0 26.000000 -16.000000 11.000000 0.076923 0.002973 -1
0 26.000000 -16.000000 11.000000 0.076923 0.002973 -1
0 26.000000 -16.000000 -11.000000 0.923077 0.002973 -1
0 32.000000 -16.000000 -13.000000 0.999999 1.002974 -1
0 13.000000 -16.000000 -32.000000 0.988091 0.997174 -1
0 32.000000 -16.000000 -13.000000 0.015618 0.997174 -1
0 26.000000 -16.000000 -11.000000 0.117983 0.003365 -1
0 26.000000 -16.000000 -11.000000 0.117983 0.003365 -1
0 11.000000 -16.000000 -26.000000 0.885726 0.003365 -1
0 13.000000 -16.000000 -32.000000 0.988091 0.997174 -1
0 11.000000 -16.000000 -26.000000 0.923077 1.000000 -1
0 -13.000000 -16.000000 -32.000000 0.000000 0.000000 -1
0 13.000000 -16.000000 -32.000000 1.000000 0.000000 -1
0 -13.000000 -16.000000 -32.000000 0.000000 0.000000 -1
0 11.000000 -16.000000 -26.000000 0.923077 1.000000 -1
0 -11.000000 -16.000000 -26.000000 0.076923 1.000000 -1
0 -11.000000 -16.000000 -26.000000 0.875048 0.994056 -1
0 -32.000000 -16.000000 -13.000000 0.015571 0.001175 -1
0 -13.000000 -16.000000 -32.000000 0.976164 0.001175 -1
0 -26.000000 -16.000000 -11.000000 0.116686 0.994056 -1
0 -32.000000 -16.000000 -13.000000 0.015571 0.001175 -1
0 -11.000000 -16.000000 -26.000000 0.875048 0.994056 -1
0 -32.000000 -16.000000 13.000000 -0.002973 0.000991 -1
0 -32.000000 -16.000000 -13.000000 0.997027 0.000991 -1
0 -26.000000 -16.000000 -11.000000 0.920104 1.000990 -1
0 -26.000000 -16.000000 -11.000000 0.920104 1.000990 -1
0 -26.000000 -16.000000 11.000000 0.073950 1.000990 -1
0 -32.000000 -16.000000 13.000000 -0.002973 0.000991 -1
0 -13.000000 -16.000000 32.000000 0.007416 0.004160 -1
0 -32.000000 -16.000000 13.000000 0.992731 0.004161 -1
0 -26.000000 -16.000000 11.000000 0.889014 0.996657 -1
0 -26.000000 -16.000000 11.000000 0.889014 0.996657 -1
0 -11.000000 -16.000000 26.000000 0.111133 0.996656 -1
0 -13.000000 -16.000000 32.000000 0.007416 0.004160 -1
0 13.000000 -16.000000 32.000000 1.000000 1.000000 -1
0 -13.000000 -16.000000 32.000000 0.000000 1.000000 -1
0 -11.000000 -16.000000 26.000000 0.076923 0.000000 -1
0 -11.000000 -16.000000 26.000000 0.076923 0.000000 -1
0 11.000000 -16.000000 26.000000 0.923077 0.000000 -1
0 13.000000 -16.000000 32.000000 1.000000 1.000000 -1
0 32.000000 -16.000000 13.000000 0.996614 0.996453 -1
0 13.000000 -16.000000 32.000000 0.010143 0.996453 -1
0 11.000000 -16.000000 26.000000 0.113982 0.000195 -1
0 11.000000 -16.000000 26.000000 0.113982 0.000195 -1
0 26.000000 -16.000000 11.000000 0.892774 0.000195 -1
0 32.000000 -16.000000 13.000000 0.996614 0.996453 -1
0 26.000000 4.000000 11.000000 0.076923 0.002973 -1
0 32.000000 4.000000 13.000000 0.000000 1.002973 -1
0 32.000000 4.000000 -13.000000 0.999999 1.002974 -1
0 32.000000 4.000000 -13.000000 0.999999 1.002974 -1
0 26.000000 4.000000 -11.000000 0.923077 0.002973 -1
0 26.000000 4.000000 11.000000 0.076923 0.002973 -1
0 26.000000 4.000000 -11.000000 0.117983 0.003365 -1
0 32.000000 4.000000 -13.000000 0.015618 0.997174 -1
0 13.000000 4.000000 -32.000000 0.988091 0.997174 -1
0 13.000000 4.000000 -32.000000 0.988091 0.997174 -1
0 11.000000 4.000000 -26.000000 0.885726 0.003365 -1
0 26.000000 4.000000 -11.000000 0.117983 0.003365 -1
0 13.000000 4.000000 -32.000000 1.000000 0.000000 -1
0 -13.000000 4.000000 -32.000000 0.000000 0.000000 -1
0 11.000000 4.000000 -26.000000 0.923077 1.000000 -1
0 -11.000000 4.000000 -26.000000 0.076923 1.000000 -1
0 11.000000 4.000000 -26.000000 0.923077 1.000000 -1
0 -13.000000 4.000000 -32.000000 0.000000 0.000000 -1
0 -13.000000 4.000000 -32.000000 0.976164 0.001175 -1
0 -32.000000 4.000000 -13.000000 0.015571 0.001175 -1
0 -11.000000 4.000000 -26.000000 0.875048 0.994056 -1
0 -11.000000 4.000000 -26.000000 0.875048 0.994056 -1
0 -32.000000 4.000000 -13.000000 0.015571 0.001175 -1
0 -26.000000 4.000000 -11.000000 0.116686 0.994056 -1
0 -26.000000 4.000000 -11.000000 0.920104 1.000990 -1
0 -32.000000 4.000000 -13.000000 0.997027 0.000991 -1
0 -32.000000 4.000000 13.000000 -0.002973 0.000991 -1
0 -32.000000 4.000000 13.000000 -0.002973 0.000991 -1
0 -26.000000 4.000000 11.000000 0.073950 1.000990 -1
0 -26.000000 4.000000 -11.000000 0.920104 1.000990 -1
0 -26.000000 4.000000 11.000000 0.889014 0.996657 -1
0 -32.000000 4.000000 13.000000 0.992731 0.004161 -1
0 -13.000000 4.000000 32.000000 0.007416 0.004160 -1
0 -13.000000 4.000000 32.000000 0.007416 0.004160 -1
0 -11.000000 4.000000 26.000000 0.111133 0.996656 -1
0 -26.000000 4.000000 11.000000 0.889014 0.996657 -1
0 -11.000000 4.000000 26.000000 0.076923 0.000000 -1
0 -13.000000 4.000000 32.000000 0.000000 1.000000 -1
0 13.000000 4.000000 32.000000 1.000000 1.000000 -1
0 13.000000 4.000000 32.000000 1.000000 1.000000 -1
0 11.000000 4.000000 26.000000 0.923077 0.000000 -1
0 -11.000000 4.000000 26.000000 0.076923 0.000000 -1
0 11.000000 4.000000 26.000000 0.113982 0.000195 -1
0 13.000000 4.000000 32.000000 0.010143 0.996453 -1
0 32.000000 4.000000 13.000000 0.996614 0.996453 -1
0 32.000000 4.000000 13.000000 0.996614 0.996453 -1
0 26.000000 4.000000 11.000000 0.892774 0.000195 -1
0 11.000000 4.000000 26.000000 0.113982 0.000195 -1
0 -13.000000 0.000000 32.000000 0.296875 1.000000 -1
0 13.000000 0.000000 32.000000 0.703125 1.000000 -1
0 -13.000000 4.000000 32.000000 0.296875 0.000000 -1
0 13.000000 0.000000 32.000000 0.703125 1.000000 -1
0 13.000000 4.000000 32.000000 0.703125 0.000000 -1
0 -13.000000 4.000000 32.000000 0.296875 0.000000 -1
0 11.000000 0.000000 26.000000 0.671875 1.000000 -1
0 -11.000000 0.000000 26.000000 0.328125 1.000000 -1
0 -11.000000 4.000000 26.000000 0.328125 0.000000 -1
0 -11.000000 4.000000 26.000000 0.328125 0.000000 -1
0 11.000000 4.000000 26.000000 0.671875 0.000000 -1
0 11.000000 0.000000 26.000000 0.671875 1.000000 -1
0 26.000000 0.000000 11.000000 0.906250 1.000000 -1
0 11.000000 0.000000 26.000000 0.671875 1.000000 -1
0 11.000000 4.000000 26.000000 0.671875 0.000000 -1
0 11.000000 4.000000 26.000000 0.671875 0.000000 -1
0 26.000000 4.000000 11.000000 0.906250 0.000000 -1
0 26.000000 0.000000 11.000000 0.906250 1.000000 -1
0 13.000000 4.000000 32.000000 0.703125 0.000000 -1
0 13.000000 0.000000 32.000000 0.703125 1.000000 -1
0 32.000000 0.000000 13.000000 1.000000 1.000000 -1
0 32.000000 0.000000 13.000000 1.000000 1.000000 -1
0 32.000000 4.000000 13.000000 1.000000 0.000000 -1
0 13.000000 4.000000 32.000000 0.703125 0.000000 -1
0 -26.000000 4.000000 11.000000 0.093750 0.000000 -1
0 -11.000000 0.000000 26.000000 0.328125 1.000000 -1
0 -26.000000 0.000000 11.000000 0.093750 1.000000 -1
0 -26.000000 4.000000 11.000000 0.093750 0.000000 -1
0 -11.000000 4.000000 26.000000 0.328125 0.000000 -1
0 -11.000000 0.000000 26.000000 0.328125 1.000000 -1
0 -13.000000 4.000000 32.000000 0.296875 0.000000 -1
0 -32.000000 4.000000 13.000000 0.000000 0.000000 -1
0 -13.000000 0.000000 32.000000 0.296875 1.000000 -1
0 -32.000000 0.000000 13.000000 0.000000 1.000000 -1
0 -13.000000 0.000000 32.000000 0.296875 1.000000 -1
0 -32.000000 4.000000 13.000000 0.000000 0.000000 -1
0 -32.000000 0.000000 13.000000 0.000000 1.000000 -1
0 -32.000000 4.000000 13.000000 0.000000 0.000000 -1
0 -32.000000 4.000000 -13.000000 0.000000 0.000000 -1
0 -32.000000 0.000000 13.000000 0.000000 1.000000 -1
0 -32.000000 4.000000 -13.000000 0.000000 0.000000 -1
0 -32.000000 0.000000 -13.000000 0.000000 1.000000 -1
0 -26.000000 0.000000 -11.000000 0.093750 1.000000 -1
0 -26.000000 4.000000 -11.000000 0.093750 0.000000 -1
0 -26.000000 0.000000 11.000000 0.093750 1.000000 -1
0 -26.000000 4.000000 11.000000 0.093750 0.000000 -1
0 -26.000000 0.000000 11.000000 0.093750 1.000000 -1
0 -26.000000 4.000000 -11.000000 0.093750 0.000000 -1
0 -13.000000 0.000000 -32.000000 0.296875 1.000000 -1
0 -32.000000 0.000000 -13.000000 0.000000 1.000000 -1
0 -13.000000 4.000000 -32.000000 0.296875 0.000000 -1
0 -13.000000 4.000000 -32.000000 0.296875 0.000000 -1
0 -32.000000 0.000000 -13.000000 0.000000 1.000000 -1
0 -32.000000 4.000000 -13.000000 0.000000 0.000000 -1
0 -26.000000 0.000000 -11.000000 0.093750 1.000000 -1
0 -11.000000 0.000000 -26.000000 0.328125 1.000000 -1
0 -11.000000 4.000000 -26.000000 0.328125 0.000000 -1
0 -11.000000 4.000000 -26.000000 0.328125 0.000000 -1
0 -26.000000 4.000000 -11.000000 0.093750 0.000000 -1
0 -26.000000 0.000000 -11.000000 0.093750 1.000000 -1
0 13.000000 0.000000 -32.000000 0.703125 1.000000 -1
0 -13.000000 0.000000 -32.000000 0.296875 1.000000 -1
0 13.000000 4.000000 -32.000000 0.703125 0.000000 -1
0 -13.000000 4.000000 -32.000000 0.296875 0.000000 -1
0 13.000000 4.000000 -32.000000 0.703125 0.000000 -1
0 -13.000000 0.000000 -32.000000 0.296875 1.000000 -1
0 -11.000000 0.000000 -26.000000 0.328125 1.000000 -1
0 11.000000 0.000000 -26.000000 0.671875 1.000000 -1
0 11.000000 4.000000 -26.000000 0.671875 0.000000 -1
0 11.000000 4.000000 -26.000000 0.671875 0.000000 -1
0 -11.000000 4.000000 -26.000000 0.328125 0.000000 -1
0 -11.000000 0.000000 -26.000000 0.328125 1.000000 -1
0 32.000000 0.000000 -13.000000 1.000000 1.000000 -1
0 13.000000 0.000000 -32.000000 0.703125 1.000000 -1
0 13.000000 4.000000 -32.000000 0.703125 0.000000 -1
0 13.000000 4.000000 -32.000000 0.703125 0.000000 -1
0 32.000000 4.000000 -13.000000 1.000000 0.000000 -1
0 32.000000 0.000000 -13.000000 1.000000 1.000000 -1
0 26.000000 4.000000 -11.000000 0.906250 0.000000 -1
0 11.000000 0.000000 -26.000000 0.671875 1.000000 -1
0 26.000000 0.000000 -11.000000 0.906250 1.000000 -1
0 26.000000 4.000000 -11.000000 0.906250 0.000000 -1
0 11.000000 4.000000 -26.000000 0.671875 0.000000 -1
0 11.000000 0.000000 -26.000000 0.671875 1.000000 -1
0 32.000000 0.000000 -13.000000 1.000000 1.000000 -1
0 32.000000 4.000000 13.000000 1.000000 0.000000 -1
0 32.000000 0.000000 13.000000 1.000000 1.000000 -1
0 32.000000 4.000000 13.000000 1.000000 0.000000 -1
0 32.000000 0.000000 -13.000000 1.000000 1.000000 -1
0 32.000000 4.000000 -13.000000 1.000000 0.000000 -1
0 26.000000 0.000000 -11.000000 0.906250 1.000000 -1
0 26.000000 4.000000 11.000000 0.906250 0.000000 -1
0 26.000000 4.000000 -11.000000 0.906250 0.000000 -1
0 26.000000 0.000000 -11.000000 0.906250 1.000000 -1
0 26.000000 0.000000 11.000000 0.906250 1.000000 -1
0 26.000000 4.000000 11.000000 0.906250 0.000000 -1
0 26.000000 -12.000000 11.000000 0.076923 0.002973 -1
0 32.000000 -12.000000 13.000000 0.000000 1.002973 -1
0 32.000000 -12.000000 -13.000000 0.999999 1.002974 -1
0 32.000000 -12.000000 -13.000000 0.999999 1.002974 -1
0 26.000000 -12.000000 -11.000000 0.923077 0.002973 -1
0 26.000000 -12.000000 11.000000 0.076923 0.002973 -1
0 26.000000 -12.000000 -11.000000 0.117983 0.003365 -1
0 32.000000 -12.000000 -13.000000 0.015618 0.997174 -1
0 13.000000 -12.000000 -32.000000 0.988091 0.997174 -1
0 13.000000 -12.000000 -32.000000 0.988091 0.997174 -1
0 11.000000 -12.000000 -26.000000 0.885726 0.003365 -1
0 26.000000 -12.000000 -11.000000 0.117983 0.003365 -1
0 13.000000 -12.000000 -32.000000 1.000000 0.000000 -1
0 -13.000000 -12.000000 -32.000000 0.000000 0.000000 -1
0 11.000000 -12.000000 -26.000000 0.923077 1.000000 -1
0 -11.000000 -12.000000 -26.000000 0.076923 1.000000 -1
0 11.000000 -12.000000 -26.000000 0.923077 1.000000 -1
0 -13.000000 -12.000000 -32.000000 0.000000 0.000000 -1
0 -13.000000 -12.000000 -32.000000 0.976164 0.001175 -1
0 -32.000000 -12.000000 -13.000000 0.015571 0.001175 -1
0 -11.000000 -12.000000 -26.000000 0.875048 0.994056 -1
0 -11.000000 -12.000000 -26.000000 0.875048 0.994056 -1
0 -32.000000 -12.000000 -13.000000 0.015571 0.001175 -1
0 -26.000000 -12.000000 -11.000000 0.116686 0.994056 -1
0 -26.000000 -12.000000 -11.000000 0.920104 1.000990 -1
0 -32.000000 -12.000000 -13.000000 0.997027 0.000991 -1
0 -32.000000 -12.000000 13.000000 -0.002973 0.000991 -1
0 -32.000000 -12.000000 13.000000 -0.002973 0.000991 -1
0 -26.000000 -12.000000 11.000000 0.073950 1.000990 -1
0 -26.000000 -12.000000 -11.000000 0.920104 1.000990 -1
0 -26.000000 -12.000000 11.000000 0.889014 0.996657 -1
0 -32.000000 -12.000000 13.000000 0.992731 0.004161 -1
0 -13.000000 -12.000000 32.000000 0.007416 0.004160 -1
0 -13.000000 -12.000000 32.000000 0.007416 0.004160 -1
0 -11.000000 -12.000000 26.000000 0.111133 0.996656 -1
0 -26.000000 -12.000000 11.000000 0.889014 0.996657 -1
0 -11.000000 -12.000000 26.000000 0.076923 0.000000 -1
0 -13.000000 -12.000000 32.000000 0.000000 1.000000 -1
0 13.000000 -12.000000 32.000000 1.000000 1.000000 -1
0 13.000000 -12.000000 32.000000 1.000000 1.000000 -1
0 11.000000 -12.000000 26.000000 0.923077 0.000000 -1
0 -11.000000 -12.000000 26.000000 0.076923 0.000000 -1
0 11.000000 -12.000000 26.000000 0.113982 0.000195 -1
0 13.000000 -12.000000 32.000000 0.010143 0.996453 -1
0 32.000000 -12.000000 13.000000 0.996614 0.996453 -1
0 32.000000 -12.000000 13.000000 0.996614 0.996453 -1
0 26.000000 -12.000000 11.000000 0.892774 0.000195 -1
0 11.000000 -12.000000 26.000000 0.113982 0.000195 -1
0 -13.000000 -16.000000 32.000000 0.296875 1.000000 -1
0 13.000000 -16.000000 32.000000 0.703125 1.000000 -1
0 -13.000000 -12.000000 32.000000 0.296875 0.000000 -1
0 13.000000 -16.000000 32.000000 0.703125 1.000000 -1
0 13.000000 -12.000000 32.000000 0.703125 0.000000 -1
0 -13.000000 -12.000000 32.000000 0.296875 0.000000 -1
0 11.000000 -16.000000 26.000000 0.671875 1.000000 -1
0 -11.000000 -16.000000 26.000000 0.328125 1.000000 -1
0 -11.000000 -12.000000 26.000000 0.328125 0.000000 -1
0 -11.000000 -12.000000 26.000000 0.328125 0.000000 -1
0 11.000000 -12.000000 26.000000 0.671875 0.000000 -1
0 11.000000 -16.000000 26.000000 0.671875 1.000000 -1
0 26.000000 -16.000000 11.000000 0.906250 1.000000 -1
0 11.000000 -16.000000 26.000000 0.671875 1.000000 -1
0 11.000000 -12.000000 26.000000 0.671875 0.000000 -1
0 11.000000 -12.000000 26.000000 0.671875 0.000000 -1
0 26.000000 -12.000000 11.000000 0.906250 0.000000 -1
0 26.000000 -16.000000 11.000000 0.906250 1.000000 -1
0 13.000000 -12.000000 32.000000 0.703125 0.000000 -1
0 13.000000 -16.000000 32.000000 0.703125 1.000000 -1
0 32.000000 -16.000000 13.000000 1.000000 1.000000 -1
0 32.000000 -16.000000 13.000000 1.000000 1.000000 -1
0 32.000000 -12.000000 13.000000 1.000000 0.000000 -1
0 13.000000 -12.000000 32.000000 0.703125 0.000000 -1
0 -26.000000 -12.000000 11.000000 0.093750 0.000000 -1
0 -11.000000 -16.000000 26.000000 0.328125 1.000000 -1
0 -26.000000 -16.000000 11.000000 0.093750 1.000000 -1
0 -26.000000 -12.000000 11.000000 0.093750 0.000000 -1
0 -11.000000 -12.000000 26.000000 0.328125 0.000000 -1
0 -11.000000 -16.000000 26.000000 0.328125 1.000000 -1
0 -13.000000 -12.000000 32.000000 0.296875 0.000000 -1
0 -32.000000 -12.000000 13.000000 0.000000 0.000000 -1
0 -13.000000 -16.000000 32.000000 0.296875 1.000000 -1
0 -32.000000 -16.000000 13.000000 0.000000 1.000000 -1
0 -13.000000 -16.000000 32.000000 0.296875 1.000000 -1
0 -32.000000 -12.000000 13.000000 0.000000 0.000000 -1
0 -32.000000 -16.000000 13.000000 0.000000 1.000000 -1
0 -32.000000 -12.000000 13.000000 0.000000 0.000000 -1
0 -32.000000 -12.000000 -13.000000 0.000000 0.000000 -1
0 -32.000000 -16.000000 13.000000 0.000000 1.000000 -1
0 -32.000000 -12.000000 -13.000000 0.000000 0.000000 -1
0 -32.000000 -16.000000 -13.000000 0.000000 1.000000 -1
0 -26.000000 -16.000000 -11.000000 0.093750 1.000000 -1
0 -26.000000 -12.000000 -11.000000 0.093750 0.000000 -1
0 -26.000000 -16.000000 11.000000 0.093750 1.000000 -1
0 -26.000000 -12.000000 11.000000 0.093750 0.000000 -1
0 -26.000000 -16.000000 11.000000 0.093750 1.000000 -1
0 -26.000000 -12.000000 -11.000000 0.093750 0.000000 -1
0 -13.000000 -16.000000 -32.000000 0.296875 1.000000 -1
0 -32.000000 -16.000000 -13.000000 0.000000 1.000000 -1
0 -13.000000 -12.000000 -32.000000 0.296875 0.000000 -1
0 -13.000000 -12.000000 -32.000000 0.296875 0.000000 -1
0 -32.000000 -16.000000 -13.000000 0.000000 1.000000 -1
0 -32.000000 -12.000000 -13.000000 0.000000 0.000000 -1
0 -26.000000 -16.000000 -11.000000 0.093750 1.000000 -1
0 -11.000000 -16.000000 -26.000000 0.328125 1.000000 -1
0 -11.000000 -12.000000 -26.000000 0.328125 0.000000 -1
0 -11.000000 -12.000000 -26.000000 0.328125 0.000000 -1
0 -26.000000 -12.000000 -11.000000 0.093750 0.000000 -1
0 -26.000000 -16.000000 -11.000000 0.093750 1.000000 -1
0 13.000000 -16.000000 -32.000000 0.703125 1.000000 -1
0 -13.000000 -16.000000 -32.000000 0.296875 1.000000 -1
0 13.000000 -12.000000 -32.000000 0.703125 0.000000 -1
0 -13.000000 -12.000000 -32.000000 0.296875 0.000000 -1
0 13.000000 -12.000000 -32.000000 0.703125 0.000000 -1
0 -13.000000 -16.000000 -32.000000 0.296875 1.000000 -1
0 -11.000000 -16.000000 -26.000000 0.328125 1.000000 -1
0 11.000000 -16.000000 -26.000000 0.671875 1.000000 -1
0 11.000000 -12.000000 -26.000000 0.671875 0.000000 -1
0 11.000000 -12.000000 -26.000000 0.671875 0.000000 -1
0 -11.000000 -12.000000 -26.000000 0.328125 0.000000 -1
0 -11.000000 -16.000000 -26.000000 0.328125 1.000000 -1
0 32.000000 -16.000000 -13.000000 1.000000 1.000000 -1
0 13.000000 -16.000000 -32.000000 0.703125 1.000000 -1
0 13.000000 -12.000000 -32.000000 0.703125 0.000000 -1
0 13.000000 -12.000000 -32.000000 0.703125 0.000000 -1
0 32.000000 -12.000000 -13.000000 1.000000 0.000000 -1
0 32.000000 -16.000000 -13.000000 1.000000 1.000000 -1
0 26.000000 -12.000000 -11.000000 0.906250 0.000000 -1
0 11.000000 -16.000000 -26.000000 0.671875 1.000000 -1
0 26.000000 -16.000000 -11.000000 0.906250 1.000000 -1
0 26.000000 -12.000000 -11.000000 0.906250 0.000000 -1
0 11.000000 -12.000000 -26.000000 0.671875 0.000000 -1
0 11.000000 -16.000000 -26.000000 0.671875 1.000000 -1
0 32.000000 -16.000000 -13.000000 1.000000 1.000000 -1
0 32.000000 -12.000000 13.000000 1.000000 0.000000 -1
0 32.000000 -16.000000 13.000000 1.000000 1.000000 -1
0 32.000000 -12.000000 13.000000 1.000000 0.000000 -1
0 32.000000 -16.000000 -13.000000 1.000000 1.000000 -1
0 32.000000 -12.000000 -13.000000 1.000000 0.000000 -1
0 26.000000 -16.000000 -11.000000 0.906250 1.000000 -1
0 26.000000 -12.000000 11.000000 0.906250 0.000000 -1
0 26.000000 -12.000000 -11.000000 0.906250 0.000000 -1
0 26.000000 -16.000000 -11.000000 0.906250 1.000000 -1
0 26.000000 -16.000000 11.000000 0.906250 1.000000 -1
0 26.000000 -12.000000 11.000000 0.906250 0.000000 -1
0 26.000000 -12.000000 -11.000000 1.000000 1.000000 -1
0 26.000000 0.000000 -11.000000 1.000000 0.000000 -1
0 26.000000 -12.000000 11.000000 1.000000 1.000000 -1
0 26.000000 -12.000000 11.000000 1.000000 1.000000 -1
0 26.000000 0.000000 -11.000000 1.000000 0.000000 -1
0 26.000000 0.000000 11.000000 1.000000 0.000000 -1
0 26.000000 -12.000000 -11.000000 1.000000 1.000000 -1
0 11.000000 -12.000000 -26.000000 0.711538 1.000000 -1
0 11.000000 0.000000 -26.000000 0.711538 0.000000 -1
0 11.000000 0.000000 -26.000000 0.711538 0.000000 -1
0 26.000000 0.000000 -11.000000 1.000000 0.000000 -1
0 26.000000 -12.000000 -11.000000 1.000000 1.000000 -1
0 26.000000 -12.000000 11.000000 1.000000 1.000000 -1
0 26.000000 0.000000 11.000000 1.000000 0.000000 -1
0 11.000000 0.000000 26.000000 0.711538 0.000000 -1
0 11.000000 0.000000 26.000000 0.711538 0.000000 -1
0 11.000000 -12.000000 26.000000 0.711538 1.000000 -1
0 26.000000 -12.000000 11.000000 1.000000 1.000000 -1
0 -26.000000 0.000000 -11.000000 0.000000 0.000000 -1
0 -11.000000 -12.000000 -26.000000 0.288462 1.000000 -1
0 -26.000000 -12.000000 -11.000000 0.000000 1.000000 -1
0 -26.000000 0.000000 -11.000000 0.000000 0.000000 -1
0 -11.000000 0.000000 -26.000000 0.288462 0.000000 -1
0 -11.000000 -12.000000 -26.000000 0.288462 1.000000 -1
0 -26.000000 -12.000000 11.000000 0.000000 1.000000 -1
0 -26.000000 0.000000 11.000000 0.000000 0.000000 -1
0 -26.000000 -12.000000 -11.000000 0.000000 1.000000 -1
0 -26.000000 -12.000000 -11.000000 0.000000 1.000000 -1
0 -26.000000 0.000000 11.000000 0.000000 0.000000 -1
0 -26.000000 0.000000 -11.000000 0.000000 0.000000 -1
0 -26.000000 -12.000000 11.000000 0.000000 1.000000 -1
0 -11.000000 -12.000000 26.000000 0.288462 1.000000 -1
0 -26.000000 0.000000 11.000000 0.000000 0.000000 -1
0 -26.000000 0.000000 11.000000 0.000000 0.000000 -1
0 -11.000000 -12.000000 26.000000 0.288462 1.000000 -1
0 -11.000000 0.000000 26.000000 0.288462 0.000000 -1
0 11.000000 -12.000000 26.000000 0.711538 1.000000 -1
0 -11.000000 0.000000 26.000000 0.288462 0.000000 -1
0 -11.000000 -12.000000 26.000000 0.288462 1.000000 -1
0 -11.000000 0.000000 26.000000 0.288462 0.000000 -1
0 11.000000 -12.000000 26.000000 0.711538 1.000000 -1
0 11.000000 0.000000 26.000000 0.711538 0.000000 -1
0 11.000000 -12.000000 -26.000000 0.711538 1.000000 -1
0 -11.000000 -12.000000 -26.000000 0.288462 1.000000 -1
0 11.000000 0.000000 -26.000000 0.711538 0.000000 -1
0 11.000000 0.000000 -26.000000 0.711538 0.000000 -1
0 -11.000000 -12.000000 -26.000000 0.288462 1.000000 -1
0 -11.000000 0.000000 -26.000000 0.288462 0.000000 -1
0 11.000000 -16.000000 26.000000 0.498438 0.521306 -1
0 -11.000000 -16.000000 26.000000 0.491302 0.521306 -1
0 -11.000000 -16.000000 -26.000000 0.491302 0.502076 -1
0 -11.000000 -16.000000 -26.000000 0.491302 0.502076 -1
0 11.000000 -16.000000 -26.000000 0.498438 0.502076 -1
0 11.000000 -16.000000 26.000000 0.498438 0.521306 -1
0 11.000000 -16.000000 26.000000 0.498438 0.521306 -1
0 11.000000 -16.000000 -26.000000 0.498438 0.502076 -1
0 26.000000 -16.000000 11.000000 0.503303 0.515759 -1
0 26.000000 -16.000000 11.000000 0.503303 0.515759 -1
0 11.000000 -16.000000 -26.000000 0.498438 0.502076 -1
0 26.000000 -16.000000 -11.000000 0.503303 0.507623 -1
0 -11.000000 -16.000000 26.000000 0.491302 0.521306 -1
0 -26.000000 -16.000000 11.000000 0.486436 0.515759 -1
0 -26.000000 -16.000000 -11.000000 0.486436 0.507623 -1
0 -26.000000 -16.000000 -11.000000 0.486436 0.507623 -1
0 -11.000000 -16.000000 -26.000000 0.491302 0.502076 -1
0 -11.000000 -16.000000 26.000000 0.491302 0.521306 -1
10
0.000000 -1.000000 0.000000
0.000000 1.000000 0.000000
0.000000 0.000000 1.000000
0.000000 0.000000 -1.000000
-0.707107 0.000000 -0.707107
0.707107 0.000000 0.707107
0.707107 0.000000 -0.707107
-0.707107 0.000000 0.707107
-1.000000 0.000000 0.000000
1.000000 0.000000 0.000000
150
0 0 1 2 0 0 0 1
0 3 4 5 0 0 0 1
0 6 7 8 0 0 0 1
0 9 10 11 0 0 0 1
0 12 13 14 0 0 0 1
0 15 16 17 0 0 0 1
0 18 19 20 0 0 0 1
0 21 22 23 0 0 0 1
0 24 25 26 0 0 0 1
0 27 28 29 0 0 0 1
0 30 31 32 0 0 0 1
0 33 34 35 0 0 0 1
0 36 37 38 0 0 0 1
0 39 40 41 0 0 0 1
0 42 43 44 0 0 0 1
0 45 46 47 0 0 0 1
0 48 49 50 0 0 0 1
0 51 52 53 0 0 0 1
0 54 55 56 0 0 0 1
0 57 58 59 0 0 0 1
0 60 61 62 0 0 0 1
0 63 64 65 0 0 0 1
0 66 67 68 0 0 0 1
0 69 70 71 0 0 0 1
0 72 73 74 0 0 0 1
0 75 76 77 0 0 0 1
0 78 79 80 0 0 0 1
0 81 82 83 0 0 0 1
0 84 85 86 0 0 0 1
0 87 88 89 0 0 0 1
0 90 91 92 0 0 0 1
0 93 94 95 0 0 0 1
0 96 97 98 1 1 1 1
0 99 100 101 1 1 1 1
0 102 103 104 1 1 1 1
0 105 106 107 1 1 1 1
0 108 109 110 1 1 1 1
0 111 112 113 1 1 1 1
0 114 115 116 1 1 1 1
0 117 118 119 1 1 1 1
0 120 121 122 1 1 1 1
0 123 124 125 1 1 1 1
0 126 127 128 1 1 1 1
0 129 130 131 1 1 1 1
0 132 133 134 1 1 1 1
0 135 136 137 1 1 1 1
0 138 139 140 1 1 1 1
0 141 142 143 1 1 1 1
0 144 145 146 2 2 2 1
0 147 148 149 2 2 2 1
0 150 151 152 3 3 3 1
0 153 154 155 3 3 3 1
0 156 157 158 4 4 4 1
0 159 160 161 4 4 4 1
0 162 163 164 5 5 5 1
0 165 166 167 5 5 5 1
0 168 169 170 6 6 6 1
0 171 172 173 6 6 6 1
0 174 175 176 7 7 7 1
0 177 178 179 7 7 7 1
0 180 181 182 8 8 8 1
0 183 184 185 8 8 8 1
0 186 187 188 9 9 9 1
0 189 190 191 9 9 9 1
0 192 193 194 4 4 4 1
0 195 196 197 4 4 4 1
0 198 199 200 5 5 5 1
0 201 202 203 5 5 5 1
0 204 205 206 3 3 3 1
0 207 208 209 3 3 3 1
0 210 211 212 2 2 2 1
0 213 214 215 2 2 2 1
0 216 217 218 6 6 6 1
0 219 220 221 6 6 6 1
0 222 223 224 7 7 7 1
0 225 226 227 7 7 7 1
0 228 229 230 9 9 9 1
0 231 232 233 9 9 9 1
0 234 235 236 8 8 8 1
0 237 238 239 8 8 8 1
0 240 241 242 1 1 1 1
0 243 244 245 1 1 1 1
0 246 247 248 1 1 1 1
0 249 250 251 1 1 1 1
0 252 253 254 1 1 1 1
0 255 256 257 1 1 1 1
0 258 259 260 1 1 1 1
0 261 262 263 1 1 1 1
0 264 265 266 1 1 1 1
0 267 268 269 1 1 1 1
0 270 271 272 1 1 1 1
0 273 274 275 1 1 1 1
0 276 277 278 1 1 1 1
0 279 280 281 1 1 1 1
0 282 283 284 1 1 1 1
0 285 286 287 1 1 1 1
0 288 289 290 2 2 2 1
0 291 292 293 2 2 2 1
0 294 295 296 3 3 3 1
0 297 298 299 3 3 3 1
0 300 301 302 4 4 4 1
0 303 304 305 4 4 4 1
0 306 307 308 5 5 5 1
0 309 310 311 5 5 5 1
0 312 313 314 6 6 6 1
0 315 316 317 6 6 6 1
0 318 319 320 7 7 7 1
0 321 322 323 7 7 7 1
0 324 325 326 8 8 8 1
0 327 328 329 8 8 8 1
0 330 331 332 9 9 9 1
0 333 334 335 9 9 9 1
0 336 337 338 4 4 4 1
0 339 340 341 4 4 4 1
0 342 343 344 5 5 5 1
0 345 346 347 5 5 5 1
0 348 349 350 3 3 3 1
0 351 352 353 3 3 3 1
0 354 355 356 2 2 2 1
0 357 358 359 2 2 2 1
0 360 361 362 6 6 6 1
0 363 364 365 6 6 6 1
0 366 367 368 7 7 7 1
0 369 370 371 7 7 7 1
0 372 373 374 9 9 9 1
0 375 376 377 9 9 9 1
0 378 379 380 8 8 8 1
0 381 382 383 8 8 8 1
0 384 385 386 9 9 9 1
0 387 388 389 9 9 9 1
0 390 391 392 6 6 6 1
0 393 394 395 6 6 6 1
0 396 397 398 5 5 5 1
0 399 400 401 5 5 5 1
0 402 403 404 4 4 4 1
0 405 406 407 4 4 4 1
0 408 409 410 8 8 8 1
0 411 412 413 8 8 8 1
0 414 415 416 7 7 7 1
0 417 418 419 7 7 7 1
0 420 421 422 2 2 2 1
0 423 424 425 2 2 2 1
0 426 427 428 3 3 3 1
0 429 430 431 3 3 3 1
0 432 433 434 0 0 0 1
0 435 436 437 0 0 0 1
0 438 439 440 0 0 0 1
0 441 442 443 0 0 0 1
0 444 445 446 0 0 0 1
0 447 448 449 0 0 0 1
"Regroup02" 0 2
18
0 11.000000 0.000000 -26.000000 0.671875 0.093750 -1
0 -11.000000 0.000000 -26.000000 0.328125 0.093750 -1
0 -11.000000 0.000000 26.000000 0.328125 0.906250 -1
0 11.000000 0.000000 -26.000000 0.671875 0.093750 -1
0 -11.000000 0.000000 26.000000 0.328125 0.906250 -1
0 11.000000 0.000000 26.000000 0.671875 0.906250 -1
0 11.000000 0.000000 26.000000 0.671875 0.906250 -1
0 26.000000 0.000000 11.000000 0.906250 0.671875 -1
0 26.000000 0.000000 -11.000000 0.906250 0.328125 -1
0 11.000000 0.000000 26.000000 0.671875 0.906250 -1
0 26.000000 0.000000 -11.000000 0.906250 0.328125 -1
0 11.000000 0.000000 -26.000000 0.671875 0.093750 -1
0 -11.000000 0.000000 -26.000000 0.328125 0.093750 -1
0 -26.000000 0.000000 -11.000000 0.093750 0.328125 -1
0 -26.000000 0.000000 11.000000 0.093750 0.671875 -1
0 -26.000000 0.000000 11.000000 0.093750 0.671875 -1
0 -11.000000 0.000000 26.000000 0.328125 0.906250 -1
0 -11.000000 0.000000 -26.000000 0.328125 0.093750 -1
1
0.000000 1.000000 0.000000
6
0 0 1 2 0 0 0 1
0 3 4 5 0 0 0 1
0 6 7 8 0 0 0 1
0 9 10 11 0 0 0 1
0 12 13 14 0 0 0 1
0 15 16 17 0 0 0 1

Bones: 0
GroupComments: 0
MaterialComments: 0
BoneComments: 0
ModelComment: 0
