// MilkShape 3D ASCII

Frames: 30
Frame: 1

Meshes: 2
"Regroup01" 0 0
114
0 -11.000000 0.000000 26.000000 0.288462 1.000000 -1
0 11.000000 0.000000 26.000000 0.711538 1.000000 -1
0 -5.129439 6.875000 12.951114 0.401357 0.312500 -1
0 11.000000 0.000000 26.000000 0.711538 1.000000 -1
0 5.202305 6.875000 12.951114 0.600044 0.312500 -1
0 -5.129439 6.875000 12.951114 0.401357 0.312500 -1
0 5.202305 6.875000 12.951114 0.600044 0.312500 -1
0 11.000000 0.000000 26.000000 0.711538 1.000000 -1
0 26.000000 0.000000 11.000000 1.000000 1.000000 -1
0 26.000000 0.000000 11.000000 1.000000 1.000000 -1
0 12.951114 6.875000 5.202305 0.749060 0.312500 -1
0 5.202305 6.875000 12.951114 0.600044 0.312500 -1
0 -5.129439 6.875000 12.951114 0.401357 0.312500 -1
0 -12.878247 6.875000 5.202305 0.252341 0.312500 -1
0 -11.000000 0.000000 26.000000 0.288462 1.000000 -1
0 -26.000000 0.000000 11.000000 0.000000 1.000000 -1
0 -11.000000 0.000000 26.000000 0.288462 1.000000 -1
0 -12.878247 6.875000 5.202305 0.252341 0.312500 -1
0 -26.000000 0.000000 11.000000 0.000000 1.000000 -1
0 -12.878247 6.875000 5.202305 0.252341 0.312500 -1
0 -12.878247 6.875000 -5.129439 0.252341 0.312500 -1
0 -26.000000 0.000000 11.000000 0.000000 1.000000 -1
0 -12.878247 6.875000 -5.129439 0.252341 0.312500 -1
0 -26.000000 0.000000 -11.000000 0.000000 1.000000 -1
0 -11.000000 0.000000 -26.000000 0.288462 1.000000 -1
0 -26.000000 0.000000 -11.000000 0.000000 1.000000 -1
0 -5.129439 6.875000 -12.878248 0.401357 0.312500 -1
0 -5.129439 6.875000 -12.878248 0.401357 0.312500 -1
0 -26.000000 0.000000 -11.000000 0.000000 1.000000 -1
0 -12.878247 6.875000 -5.129439 0.252341 0.312500 -1
0 11.000000 0.000000 -26.000000 0.711538 1.000000 -1
0 -11.000000 0.000000 -26.000000 0.288462 1.000000 -1
0 5.202305 6.875000 -12.878248 0.600044 0.312500 -1
0 -5.129439 6.875000 -12.878248 0.401357 0.312500 -1
0 5.202305 6.875000 -12.878248 0.600044 0.312500 -1
0 -11.000000 0.000000 -26.000000 0.288462 1.000000 -1
0 26.000000 0.000000 -11.000000 1.000000 1.000000 -1
0 11.000000 0.000000 -26.000000 0.711538 1.000000 -1
0 5.202305 6.875000 -12.878248 0.600044 0.312500 -1
0 5.202305 6.875000 -12.878248 0.600044 0.312500 -1
0 12.951114 6.875000 -5.129439 0.749060 0.312500 -1
0 26.000000 0.000000 -11.000000 1.000000 1.000000 -1
0 26.000000 0.000000 -11.000000 1.000000 1.000000 -1
0 12.951114 6.875000 5.202305 0.749060 0.312500 -1
0 26.000000 0.000000 11.000000 1.000000 1.000000 -1
0 12.951114 6.875000 5.202305 0.749060 0.312500 -1
0 26.000000 0.000000 -11.000000 1.000000 1.000000 -1
0 12.951114 6.875000 -5.129439 0.749060 0.312500 -1
0 11.000000 0.000000 26.000000 0.711538 1.000000 -1
0 -11.000000 0.000000 -26.000000 0.288462 1.000000 -1
0 11.000000 0.000000 -26.000000 0.711538 1.000000 -1
0 11.000000 0.000000 26.000000 0.711538 1.000000 -1
0 -11.000000 0.000000 26.000000 0.288462 1.000000 -1
0 -11.000000 0.000000 -26.000000 0.288462 1.000000 -1
0 26.000000 0.000000 11.000000 1.000000 1.000000 -1
0 11.000000 0.000000 -26.000000 0.711538 1.000000 -1
0 26.000000 0.000000 -11.000000 1.000000 1.000000 -1
0 26.000000 0.000000 11.000000 1.000000 1.000000 -1
0 11.000000 0.000000 26.000000 0.711538 1.000000 -1
0 11.000000 0.000000 -26.000000 0.711538 1.000000 -1
0 -11.000000 0.000000 -26.000000 0.288462 1.000000 -1
0 -11.000000 0.000000 26.000000 0.288462 1.000000 -1
0 -26.000000 0.000000 -11.000000 0.000000 1.000000 -1
0 -26.000000 0.000000 -11.000000 0.000000 1.000000 -1
0 -11.000000 0.000000 26.000000 0.288462 1.000000 -1
0 -26.000000 0.000000 11.000000 0.000000 1.000000 -1
0 2.259435 10.000000 0.847288 0.543451 0.000000 -1
0 12.951114 6.875000 5.202305 0.749060 0.312500 -1
0 12.951114 6.875000 -5.129439 0.749060 0.312500 -1
0 12.951114 6.875000 -5.129439 0.749060 0.312500 -1
0 2.259435 10.000000 -0.847288 0.543451 0.000000 -1
0 2.259435 10.000000 0.847288 0.543451 0.000000 -1
0 2.259435 10.000000 -0.847288 0.543451 0.000000 -1
0 12.951114 6.875000 -5.129439 0.749060 0.312500 -1
0 5.202305 6.875000 -12.878248 0.600044 0.312500 -1
0 5.202305 6.875000 -12.878248 0.600044 0.312500 -1
0 0.847288 10.000000 -2.259435 0.516294 0.000000 -1
0 2.259435 10.000000 -0.847288 0.543451 0.000000 -1
0 5.202305 6.875000 -12.878248 0.600044 0.312500 -1
0 -5.129439 6.875000 -12.878248 0.401357 0.312500 -1
0 0.847288 10.000000 -2.259435 0.516294 0.000000 -1
0 -0.847288 10.000000 -2.259435 0.483706 0.000000 -1
0 0.847288 10.000000 -2.259435 0.516294 0.000000 -1
0 -5.129439 6.875000 -12.878248 0.401357 0.312500 -1
0 -5.129439 6.875000 -12.878248 0.401357 0.312500 -1
0 -12.878247 6.875000 -5.129439 0.252341 0.312500 -1
0 -0.847288 10.000000 -2.259435 0.483706 0.000000 -1
0 -0.847288 10.000000 -2.259435 0.483706 0.000000 -1
0 -12.878247 6.875000 -5.129439 0.252341 0.312500 -1
0 -2.259435 10.000000 -0.847288 0.456549 0.000000 -1
0 -2.259435 10.000000 -0.847288 0.456549 0.000000 -1
0 -12.878247 6.875000 -5.129439 0.252341 0.312500 -1
0 -12.878247 6.875000 5.202305 0.252341 0.312500 -1
0 -12.878247 6.875000 5.202305 0.252341 0.312500 -1
0 -2.259435 10.000000 0.847288 0.456549 0.000000 -1
0 -2.259435 10.000000 -0.847288 0.456549 0.000000 -1
0 -2.259435 10.000000 0.847288 0.456549 0.000000 -1
0 -12.878247 6.875000 5.202305 0.252341 0.312500 -1
0 -5.129439 6.875000 12.951114 0.401357 0.312500 -1
0 -5.129439 6.875000 12.951114 0.401357 0.312500 -1
0 -0.847288 10.000000 2.259435 0.483706 0.000000 -1
0 -2.259435 10.000000 0.847288 0.456549 0.000000 -1
0 -0.847288 10.000000 2.259435 0.483706 0.000000 -1
0 -5.129439 6.875000 12.951114 0.401357 0.312500 -1
0 5.202305 6.875000 12.951114 0.600044 0.312500 -1
0 5.202305 6.875000 12.951114 0.600044 0.312500 -1
0 0.847288 10.000000 2.259435 0.516294 0.000000 -1
0 -0.847288 10.000000 2.259435 0.483706 0.000000 -1
0 0.847288 10.000000 2.259435 0.516294 0.000000 -1
0 5.202305 6.875000 12.951114 0.600044 0.312500 -1
0 12.951114 6.875000 5.202305 0.749060 0.312500 -1
0 12.951114 6.875000 5.202305 0.749060 0.312500 -1
0 2.259435 10.000000 0.847288 0.543451 0.000000 -1
0 0.847288 10.000000 2.259435 0.516294 0.000000 -1
28
0.000000 0.884718 0.466127
0.324190 0.888708 0.324190
0.324190 0.888708 0.324190
-0.323202 0.889427 0.323202
-0.323202 0.889427 0.323202
-0.464097 0.885784 0.000000
-0.464097 0.885784 0.000000
-0.322220 0.890139 -0.322220
0.000000 0.885784 -0.464097
0.000000 0.885784 -0.464097
0.323202 0.889427 -0.323202
0.323202 0.889427 -0.323202
0.466127 0.884718 0.000000
0.000000 -1.000000 0.000000
0.280546 0.959841 0.000000
0.200162 0.959099 -0.200161
0.200162 0.959099 -0.200162
0.000000 0.959321 -0.282318
0.000000 0.959321 -0.282318
-0.201061 0.958722 -0.201061
-0.201061 0.958722 -0.201061
-0.282318 0.959321 0.000000
-0.282318 0.959321 0.000000
-0.200162 0.959099 0.200162
-0.200162 0.959099 0.200162
0.000000 0.959841 0.280546
0.199269 0.959470 0.199269
0.199269 0.959470 0.199269
38
0 0 1 2 0 0 0 1
0 3 4 5 0 0 0 1
0 6 7 8 1 1 1 1
0 9 10 11 2 2 2 1
0 12 13 14 3 3 3 1
0 15 16 17 4 4 4 1
0 18 19 20 5 5 5 1
0 21 22 23 6 6 6 1
0 24 25 26 7 7 7 1
0 27 28 29 7 7 7 1
0 30 31 32 8 8 8 1
0 33 34 35 9 9 9 1
0 36 37 38 10 10 10 1
0 39 40 41 11 11 11 1
0 42 43 44 12 12 12 1
0 45 46 47 12 12 12 1
0 48 49 50 13 13 13 1
0 51 52 53 13 13 13 1
0 54 55 56 13 13 13 1
0 57 58 59 13 13 13 1
0 60 61 62 13 13 13 1
0 63 64 65 13 13 13 1
0 66 67 68 14 14 14 1
0 69 70 71 14 14 14 1
0 72 73 74 15 15 15 1
0 75 76 77 16 16 16 1
0 78 79 80 17 17 17 1
0 81 82 83 18 18 18 1
0 84 85 86 19 19 19 1
0 87 88 89 20 20 20 1
0 90 91 92 21 21 21 1
0 93 94 95 22 22 22 1
0 96 97 98 23 23 23 1
0 99 100 101 24 24 24 1
0 102 103 104 25 25 25 1
0 105 106 107 25 25 25 1
0 108 109 110 26 26 26 1
0 111 112 113 27 27 27 1
"Regroup02" 0 1
18
0 0.847288 10.000000 -2.259435 0.477446 0.458776 -1
0 -0.847288 10.000000 2.259435 0.453778 0.521451 -1
0 0.847288 10.000000 2.259435 0.477446 0.521451 -1
0 0.847288 10.000000 -2.259435 0.477446 0.458776 -1
0 -0.847288 10.000000 -2.259435 0.453778 0.458776 -1
0 -0.847288 10.000000 2.259435 0.453778 0.521451 -1
0 -0.847288 10.000000 2.259435 0.453778 0.521451 -1
0 -0.847288 10.000000 -2.259435 0.453778 0.458776 -1
0 -2.259435 10.000000 0.847288 0.434054 0.501865 -1
0 -2.259435 10.000000 -0.847288 0.434054 0.478362 -1
0 -2.259435 10.000000 0.847288 0.434054 0.501865 -1
0 -0.847288 10.000000 -2.259435 0.453778 0.458776 -1
0 2.259435 10.000000 -0.847288 0.497170 0.478362 -1
0 0.847288 10.000000 -2.259435 0.477446 0.458776 -1
0 0.847288 10.000000 2.259435 0.477446 0.521451 -1
0 0.847288 10.000000 2.259435 0.477446 0.521451 -1
0 2.259435 10.000000 0.847288 0.497170 0.501865 -1
0 2.259435 10.000000 -0.847288 0.497170 0.478362 -1
1
0.000000 1.000000 0.000000
6
0 0 1 2 0 0 0 1
0 3 4 5 0 0 0 1
0 6 7 8 0 0 0 1
0 9 10 11 0 0 0 1
0 12 13 14 0 0 0 1
0 15 16 17 0 0 0 1

Bones: 0
GroupComments: 0
MaterialComments: 0
BoneComments: 0
ModelComment: 0
