// MilkShape 3D ASCII

Frames: 30
Frame: 1

Meshes: 1
"Cylinder01" 0 0
504
1 19.494616 -76.391174 0.000001 0.690108 0.758295 -1
1 18.763962 -76.961990 3.490495 0.681210 0.763947 -1
1 26.424667 -96.502235 0.000000 0.774513 0.957439 -1
1 29.645311 -0.213219 0.000000 0.813738 0.003964 -1
1 -0.017763 -0.213219 0.000000 0.452459 0.003964 -1
1 25.671211 -0.213219 14.831536 0.765336 0.003964 -1
1 19.494616 -76.391174 0.000001 0.690108 0.758295 -1
1 15.495440 -62.945313 0.000001 0.641401 0.625151 -1
1 14.269018 -63.440830 4.979523 0.626464 0.630058 -1
1 19.494616 -76.391174 0.000001 0.690108 0.758295 -1
1 14.269018 -63.440830 4.979523 0.626464 0.630058 -1
1 18.763962 -76.961990 3.490495 0.681210 0.763947 -1
1 15.495440 -62.945313 0.000001 0.641401 0.625151 -1
1 14.348629 -49.375698 0.000000 0.627434 0.490782 -1
1 14.269018 -63.440830 4.979523 0.626464 0.630058 -1
1 14.348629 -49.375698 0.000000 0.627434 0.490782 -1
1 12.594617 -49.684975 6.704961 0.606071 0.493844 -1
1 14.269018 -63.440830 4.979523 0.626464 0.630058 -1
1 14.348629 -49.375698 0.000000 0.627434 0.490782 -1
1 18.132198 -33.372719 0.000000 0.673515 0.332317 -1
1 15.700557 -33.372719 9.154094 0.643900 0.332317 -1
1 14.348629 -49.375698 0.000000 0.627434 0.490782 -1
1 15.700557 -33.372719 9.154094 0.643900 0.332317 -1
1 12.594617 -49.684975 6.704961 0.606071 0.493844 -1
1 18.132198 -33.372719 0.000000 0.673515 0.332317 -1
1 22.700529 -22.689217 0.000000 0.729155 0.226527 -1
1 15.700557 -33.372719 9.154094 0.643900 0.332317 -1
1 22.700529 -22.689217 0.000000 0.729155 0.226527 -1
1 19.656855 -22.689217 11.458167 0.692084 0.226527 -1
1 15.700557 -33.372719 9.154094 0.643900 0.332317 -1
1 22.700529 -22.689217 0.000000 0.729155 0.226527 -1
1 26.894135 -9.936127 0.000000 0.780231 0.100243 -1
1 23.288622 -9.936127 13.573264 0.736317 0.100243 -1
1 22.700529 -22.689217 0.000000 0.729155 0.226527 -1
1 23.288622 -9.936127 13.573264 0.736317 0.100243 -1
1 19.656855 -22.689217 11.458167 0.692084 0.226527 -1
1 26.894135 -9.936127 0.000000 0.780231 0.100243 -1
1 29.645311 -0.213219 0.000000 0.813738 0.003964 -1
1 23.288622 -9.936127 13.573264 0.736317 0.100243 -1
1 29.645311 -0.213219 0.000000 0.813738 0.003964 -1
1 25.671211 -0.213219 14.831536 0.765336 0.003964 -1
1 23.288622 -9.936127 13.573264 0.736317 0.100243 -1
1 18.763962 -76.961990 3.490495 0.681210 0.763947 -1
1 16.767826 -78.521553 6.045710 0.656898 0.779390 -1
1 26.424667 -96.502235 0.000000 0.774513 0.957439 -1
1 25.671211 -0.213219 14.831536 0.765336 0.003964 -1
1 -0.017763 -0.213219 0.000000 0.452459 0.003964 -1
1 14.813770 -0.213219 25.688972 0.633099 0.003964 -1
1 18.763962 -76.961990 3.490495 0.681210 0.763947 -1
1 14.269018 -63.440830 4.979523 0.626464 0.630058 -1
1 16.767826 -78.521553 6.045710 0.656898 0.779390 -1
1 14.269018 -63.440830 4.979523 0.626464 0.630058 -1
1 10.918405 -64.794556 8.624783 0.585655 0.643463 -1
1 16.767826 -78.521553 6.045710 0.656898 0.779390 -1
1 14.269018 -63.440830 4.979523 0.626464 0.630058 -1
1 12.594617 -49.684975 6.704961 0.606071 0.493844 -1
1 7.802605 -50.529938 11.613327 0.547706 0.502211 -1
1 14.269018 -63.440830 4.979523 0.626464 0.630058 -1
1 7.802605 -50.529938 11.613327 0.547706 0.502211 -1
1 10.918405 -64.794556 8.624783 0.585655 0.643463 -1
1 12.594617 -49.684975 6.704961 0.606071 0.493844 -1
1 15.700557 -33.372719 9.154094 0.643900 0.332317 -1
1 7.802605 -50.529938 11.613327 0.547706 0.502211 -1
1 15.700557 -33.372719 9.154094 0.643900 0.332317 -1
1 9.057220 -33.372719 15.855355 0.562987 0.332317 -1
1 7.802605 -50.529938 11.613327 0.547706 0.502211 -1
1 15.700557 -33.372719 9.154094 0.643900 0.332317 -1
1 19.656855 -22.689217 11.458167 0.692084 0.226527 -1
1 11.341389 -22.689217 19.846136 0.590807 0.226527 -1
1 15.700557 -33.372719 9.154094 0.643900 0.332317 -1
1 11.341389 -22.689217 19.846136 0.590807 0.226527 -1
1 9.057220 -33.372719 15.855355 0.562987 0.332317 -1
1 19.656855 -22.689217 11.458167 0.692084 0.226527 -1
1 23.288622 -9.936127 13.573264 0.736317 0.100243 -1
1 11.341389 -22.689217 19.846136 0.590807 0.226527 -1
1 23.288622 -9.936127 13.573264 0.736317 0.100243 -1
1 13.438190 -9.936127 23.509583 0.616345 0.100243 -1
1 11.341389 -22.689217 19.846136 0.590807 0.226527 -1
1 23.288622 -9.936127 13.573264 0.736317 0.100243 -1
1 25.671211 -0.213219 14.831536 0.765336 0.003964 -1
1 14.813770 -0.213219 25.688972 0.633099 0.003964 -1
1 23.288622 -9.936127 13.573264 0.736317 0.100243 -1
1 14.813770 -0.213219 25.688972 0.633099 0.003964 -1
1 13.438190 -9.936127 23.509583 0.616345 0.100243 -1
1 16.767826 -78.521553 6.045710 0.656898 0.779390 -1
1 14.041053 -80.651939 6.980990 0.623687 0.800486 -1
1 26.424667 -96.502235 0.000000 0.774513 0.957439 -1
1 14.813770 -0.213219 25.688972 0.633099 0.003964 -1
1 -0.017763 -0.213219 0.000000 0.452459 0.003964 -1
1 -0.017763 -0.213219 29.663071 0.452459 0.003964 -1
1 16.767826 -78.521553 6.045710 0.656898 0.779390 -1
1 10.918405 -64.794556 8.624783 0.585655 0.643463 -1
1 6.341378 -66.643806 9.959044 0.529910 0.661774 -1
1 16.767826 -78.521553 6.045710 0.656898 0.779390 -1
1 6.341378 -66.643806 9.959044 0.529910 0.661774 -1
1 14.041053 -80.651939 6.980990 0.623687 0.800486 -1
1 10.918405 -64.794556 8.624783 0.585655 0.643463 -1
1 7.802605 -50.529938 11.613327 0.547706 0.502211 -1
1 6.341378 -66.643806 9.959044 0.529910 0.661774 -1
1 7.802605 -50.529938 11.613327 0.547706 0.502211 -1
1 1.256570 -51.684174 13.409923 0.467979 0.513641 -1
1 6.341378 -66.643806 9.959044 0.529910 0.661774 -1
1 7.802605 -50.529938 11.613327 0.547706 0.502211 -1
1 9.057220 -33.372719 15.855355 0.562987 0.332317 -1
1 -0.017764 -33.372719 18.308193 0.452459 0.332317 -1
1 7.802605 -50.529938 11.613327 0.547706 0.502211 -1
1 -0.017764 -33.372719 18.308193 0.452459 0.332317 -1
1 1.256570 -51.684174 13.409923 0.467979 0.513641 -1
1 9.057220 -33.372719 15.855355 0.562987 0.332317 -1
1 11.341389 -22.689217 19.846136 0.590807 0.226527 -1
1 -0.017764 -33.372719 18.308193 0.452459 0.332317 -1
1 11.341389 -22.689217 19.846136 0.590807 0.226527 -1
1 -0.017764 -22.689217 22.916334 0.452459 0.226527 -1
1 -0.017764 -33.372719 18.308193 0.452459 0.332317 -1
1 11.341389 -22.689217 19.846136 0.590807 0.226527 -1
1 13.438190 -9.936127 23.509583 0.616345 0.100243 -1
1 -0.017763 -9.936127 27.146526 0.452459 0.100243 -1
1 11.341389 -22.689217 19.846136 0.590807 0.226527 -1
1 -0.017763 -9.936127 27.146526 0.452459 0.100243 -1
1 -0.017764 -22.689217 22.916334 0.452459 0.226527 -1
1 13.438190 -9.936127 23.509583 0.616345 0.100243 -1
1 14.813770 -0.213219 25.688972 0.633099 0.003964 -1
1 -0.017763 -9.936127 27.146526 0.452459 0.100243 -1
1 14.813770 -0.213219 25.688972 0.633099 0.003964 -1
1 -0.017763 -0.213219 29.663071 0.452459 0.003964 -1
1 -0.017763 -9.936127 27.146526 0.452459 0.100243 -1
1 14.041053 -80.651939 6.980990 0.623687 0.800486 -1
1 11.314282 -82.782372 6.045710 0.590477 0.821582 -1
1 26.424667 -96.502235 0.000000 0.774513 0.957439 -1
1 -0.017763 -0.213219 29.663071 0.452459 0.003964 -1
1 -0.017763 -0.213219 0.000000 0.452459 0.003964 -1
1 -14.849302 -0.213219 25.688972 0.271819 0.003964 -1
1 14.041053 -80.651939 6.980990 0.623687 0.800486 -1
1 6.341378 -66.643806 9.959044 0.529910 0.661774 -1
1 11.314282 -82.782372 6.045710 0.590477 0.821582 -1
1 6.341378 -66.643806 9.959044 0.529910 0.661774 -1
1 1.764343 -68.493042 8.624783 0.474164 0.680086 -1
1 11.314282 -82.782372 6.045710 0.590477 0.821582 -1
1 6.341378 -66.643806 9.959044 0.529910 0.661774 -1
1 1.256570 -51.684174 13.409923 0.467979 0.513641 -1
1 -5.289467 -52.838417 11.613327 0.388252 0.525071 -1
1 6.341378 -66.643806 9.959044 0.529910 0.661774 -1
1 -5.289467 -52.838417 11.613327 0.388252 0.525071 -1
1 1.764343 -68.493042 8.624783 0.474164 0.680086 -1
1 1.256570 -51.684174 13.409923 0.467979 0.513641 -1
1 -0.017764 -33.372719 18.308193 0.452459 0.332317 -1
1 -5.289467 -52.838417 11.613327 0.388252 0.525071 -1
1 -0.017764 -33.372719 18.308193 0.452459 0.332317 -1
1 -9.092754 -33.372719 15.855355 0.341931 0.332317 -1
1 -5.289467 -52.838417 11.613327 0.388252 0.525071 -1
1 -0.017764 -33.372719 18.308193 0.452459 0.332317 -1
1 -0.017764 -22.689217 22.916334 0.452459 0.226527 -1
1 -11.376915 -22.689217 19.846136 0.314111 0.226527 -1
1 -0.017764 -33.372719 18.308193 0.452459 0.332317 -1
1 -11.376915 -22.689217 19.846136 0.314111 0.226527 -1
1 -9.092754 -33.372719 15.855355 0.341931 0.332317 -1
1 -0.017764 -22.689217 22.916334 0.452459 0.226527 -1
1 -0.017763 -9.936127 27.146526 0.452459 0.100243 -1
1 -11.376915 -22.689217 19.846136 0.314111 0.226527 -1
1 -0.017763 -9.936127 27.146526 0.452459 0.100243 -1
1 -13.473717 -9.936127 23.509583 0.288573 0.100243 -1
1 -11.376915 -22.689217 19.846136 0.314111 0.226527 -1
1 -0.017763 -9.936127 27.146526 0.452459 0.100243 -1
1 -0.017763 -0.213219 29.663071 0.452459 0.003964 -1
1 -14.849302 -0.213219 25.688972 0.271819 0.003964 -1
1 -0.017763 -9.936127 27.146526 0.452459 0.100243 -1
1 -14.849302 -0.213219 25.688972 0.271819 0.003964 -1
1 -13.473717 -9.936127 23.509583 0.288573 0.100243 -1
1 11.314282 -82.782372 6.045710 0.590477 0.821582 -1
1 9.318138 -84.341896 3.490495 0.566165 0.837025 -1
1 26.424667 -96.502235 0.000000 0.774513 0.957439 -1
1 -14.849302 -0.213219 25.688972 0.271819 0.003964 -1
1 -0.017763 -0.213219 0.000000 0.452459 0.003964 -1
1 -25.706734 -0.213219 14.831536 0.139582 0.003964 -1
1 11.314282 -82.782372 6.045710 0.590477 0.821582 -1
1 1.764343 -68.493042 8.624783 0.474164 0.680086 -1
1 -1.586269 -69.846786 4.979523 0.433355 0.693491 -1
1 11.314282 -82.782372 6.045710 0.590477 0.821582 -1
1 -1.586269 -69.846786 4.979523 0.433355 0.693491 -1
1 9.318138 -84.341896 3.490495 0.566165 0.837025 -1
1 1.764343 -68.493042 8.624783 0.474164 0.680086 -1
1 -5.289467 -52.838417 11.613327 0.388252 0.525071 -1
1 -1.586269 -69.846786 4.979523 0.433355 0.693491 -1
1 -5.289467 -52.838417 11.613327 0.388252 0.525071 -1
1 -10.081490 -53.683384 6.704961 0.329888 0.533437 -1
1 -1.586269 -69.846786 4.979523 0.433355 0.693491 -1
1 -5.289467 -52.838417 11.613327 0.388252 0.525071 -1
1 -9.092754 -33.372719 15.855355 0.341931 0.332317 -1
1 -15.736095 -33.372719 9.154094 0.261018 0.332317 -1
1 -5.289467 -52.838417 11.613327 0.388252 0.525071 -1
1 -15.736095 -33.372719 9.154094 0.261018 0.332317 -1
1 -10.081490 -53.683384 6.704961 0.329888 0.533437 -1
1 -9.092754 -33.372719 15.855355 0.341931 0.332317 -1
1 -11.376915 -22.689217 19.846136 0.314111 0.226527 -1
1 -15.736095 -33.372719 9.154094 0.261018 0.332317 -1
1 -11.376915 -22.689217 19.846136 0.314111 0.226527 -1
1 -19.692390 -22.689217 11.458167 0.212833 0.226527 -1
1 -15.736095 -33.372719 9.154094 0.261018 0.332317 -1
1 -11.376915 -22.689217 19.846136 0.314111 0.226527 -1
1 -13.473717 -9.936127 23.509583 0.288573 0.100243 -1
1 -23.324167 -9.936127 13.573264 0.168600 0.100243 -1
1 -11.376915 -22.689217 19.846136 0.314111 0.226527 -1
1 -23.324167 -9.936127 13.573264 0.168600 0.100243 -1
1 -19.692390 -22.689217 11.458167 0.212833 0.226527 -1
1 -13.473717 -9.936127 23.509583 0.288573 0.100243 -1
1 -14.849302 -0.213219 25.688972 0.271819 0.003964 -1
1 -23.324167 -9.936127 13.573264 0.168600 0.100243 -1
1 -14.849302 -0.213219 25.688972 0.271819 0.003964 -1
1 -25.706734 -0.213219 14.831536 0.139582 0.003964 -1
1 -23.324167 -9.936127 13.573264 0.168600 0.100243 -1
1 9.318138 -84.341896 3.490495 0.566165 0.837025 -1
1 8.587498 -84.912720 0.000001 0.557266 0.842677 -1
1 26.424667 -96.502235 0.000000 0.774513 0.957439 -1
1 -25.706734 -0.213219 14.831536 0.139582 0.003964 -1
1 -0.017763 -0.213219 0.000000 0.452459 0.003964 -1
1 -29.680840 -0.213219 0.000000 0.091179 0.003964 -1
1 9.318138 -84.341896 3.490495 0.566165 0.837025 -1
1 -1.586269 -69.846786 4.979523 0.433355 0.693491 -1
1 8.587498 -84.912720 0.000001 0.557266 0.842677 -1
1 -1.586269 -69.846786 4.979523 0.433355 0.693491 -1
1 -2.812685 -70.342293 0.000001 0.418418 0.698397 -1
1 8.587498 -84.912720 0.000001 0.557266 0.842677 -1
1 -1.586269 -69.846786 4.979523 0.433355 0.693491 -1
1 -10.081490 -53.683384 6.704961 0.329888 0.533437 -1
1 -11.835503 -53.992668 0.000000 0.308525 0.536500 -1
1 -1.586269 -69.846786 4.979523 0.433355 0.693491 -1
1 -11.835503 -53.992668 0.000000 0.308525 0.536500 -1
1 -2.812685 -70.342293 0.000001 0.418418 0.698397 -1
1 -10.081490 -53.683384 6.704961 0.329888 0.533437 -1
1 -15.736095 -33.372719 9.154094 0.261018 0.332317 -1
1 -11.835503 -53.992668 0.000000 0.308525 0.536500 -1
1 -15.736095 -33.372719 9.154094 0.261018 0.332317 -1
1 -18.167744 -33.372719 0.000000 0.231402 0.332317 -1
1 -11.835503 -53.992668 0.000000 0.308525 0.536500 -1
1 -15.736095 -33.372719 9.154094 0.261018 0.332317 -1
1 -19.692390 -22.689217 11.458167 0.212833 0.226527 -1
1 -22.736082 -22.689217 0.000000 0.175763 0.226527 -1
1 -15.736095 -33.372719 9.154094 0.261018 0.332317 -1
1 -22.736082 -22.689217 0.000000 0.175763 0.226527 -1
1 -18.167744 -33.372719 0.000000 0.231402 0.332317 -1
1 -19.692390 -22.689217 11.458167 0.212833 0.226527 -1
1 -23.324167 -9.936127 13.573264 0.168600 0.100243 -1
1 -22.736082 -22.689217 0.000000 0.175763 0.226527 -1
1 -23.324167 -9.936127 13.573264 0.168600 0.100243 -1
1 -26.929688 -9.936127 0.000000 0.124687 0.100243 -1
1 -22.736082 -22.689217 0.000000 0.175763 0.226527 -1
1 -23.324167 -9.936127 13.573264 0.168600 0.100243 -1
1 -25.706734 -0.213219 14.831536 0.139582 0.003964 -1
1 -29.680840 -0.213219 0.000000 0.091179 0.003964 -1
1 -23.324167 -9.936127 13.573264 0.168600 0.100243 -1
1 -29.680840 -0.213219 0.000000 0.091179 0.003964 -1
1 -26.929688 -9.936127 0.000000 0.124687 0.100243 -1
1 8.587498 -84.912720 0.000001 0.557266 0.842677 -1
1 9.318138 -84.341896 -3.490496 0.566165 0.837025 -1
1 26.424667 -96.502235 0.000000 0.774513 0.957439 -1
1 -29.680840 -0.213219 0.000000 0.091179 0.003964 -1
1 -0.017763 -0.213219 0.000000 0.452459 0.003964 -1
1 -25.706734 -0.213219 -14.831534 0.139582 0.003964 -1
1 8.587498 -84.912720 0.000001 0.557266 0.842677 -1
1 -2.812685 -70.342293 0.000001 0.418418 0.698397 -1
1 -1.586269 -69.846786 -4.979519 0.433355 0.693491 -1
1 8.587498 -84.912720 0.000001 0.557266 0.842677 -1
1 -1.586269 -69.846786 -4.979519 0.433355 0.693491 -1
1 9.318138 -84.341896 -3.490496 0.566165 0.837025 -1
1 -2.812685 -70.342293 0.000001 0.418418 0.698397 -1
1 -11.835503 -53.992668 0.000000 0.308525 0.536500 -1
1 -1.586269 -69.846786 -4.979519 0.433355 0.693491 -1
1 -11.835503 -53.992668 0.000000 0.308525 0.536500 -1
1 -10.081490 -53.683384 -6.704959 0.329888 0.533437 -1
1 -1.586269 -69.846786 -4.979519 0.433355 0.693491 -1
1 -11.835503 -53.992668 0.000000 0.308525 0.536500 -1
1 -18.167744 -33.372719 0.000000 0.231402 0.332317 -1
1 -15.736095 -33.372719 -9.154097 0.261018 0.332317 -1
1 -11.835503 -53.992668 0.000000 0.308525 0.536500 -1
1 -15.736095 -33.372719 -9.154097 0.261018 0.332317 -1
1 -10.081490 -53.683384 -6.704959 0.329888 0.533437 -1
1 -18.167744 -33.372719 0.000000 0.231402 0.332317 -1
1 -22.736082 -22.689217 0.000000 0.175763 0.226527 -1
1 -15.736095 -33.372719 -9.154097 0.261018 0.332317 -1
1 -22.736082 -22.689217 0.000000 0.175763 0.226527 -1
1 -19.692390 -22.689217 -11.458171 0.212833 0.226527 -1
1 -15.736095 -33.372719 -9.154097 0.261018 0.332317 -1
1 -22.736082 -22.689217 0.000000 0.175763 0.226527 -1
1 -26.929688 -9.936127 0.000000 0.124687 0.100243 -1
1 -23.324167 -9.936127 -13.573263 0.168600 0.100243 -1
1 -22.736082 -22.689217 0.000000 0.175763 0.226527 -1
1 -23.324167 -9.936127 -13.573263 0.168600 0.100243 -1
1 -19.692390 -22.689217 -11.458171 0.212833 0.226527 -1
1 -26.929688 -9.936127 0.000000 0.124687 0.100243 -1
1 -29.680840 -0.213219 0.000000 0.091179 0.003964 -1
1 -23.324167 -9.936127 -13.573263 0.168600 0.100243 -1
1 -29.680840 -0.213219 0.000000 0.091179 0.003964 -1
1 -25.706734 -0.213219 -14.831534 0.139582 0.003964 -1
1 -23.324167 -9.936127 -13.573263 0.168600 0.100243 -1
1 9.318138 -84.341896 -3.490496 0.566165 0.837025 -1
1 11.314282 -82.782372 -6.045712 0.590477 0.821582 -1
1 26.424667 -96.502235 0.000000 0.774513 0.957439 -1
1 -25.706734 -0.213219 -14.831534 0.139582 0.003964 -1
1 -0.017763 -0.213219 0.000000 0.452459 0.003964 -1
1 -14.849302 -0.213219 -25.688972 0.271819 0.003964 -1
1 9.318138 -84.341896 -3.490496 0.566165 0.837025 -1
1 -1.586269 -69.846786 -4.979519 0.433355 0.693491 -1
1 11.314282 -82.782372 -6.045712 0.590477 0.821582 -1
1 -1.586269 -69.846786 -4.979519 0.433355 0.693491 -1
1 1.764343 -68.493042 -8.624776 0.474164 0.680086 -1
1 11.314282 -82.782372 -6.045712 0.590477 0.821582 -1
1 -1.586269 -69.846786 -4.979519 0.433355 0.693491 -1
1 -10.081490 -53.683384 -6.704959 0.329888 0.533437 -1
1 -5.289467 -52.838417 -11.613328 0.388252 0.525071 -1
1 -1.586269 -69.846786 -4.979519 0.433355 0.693491 -1
1 -5.289467 -52.838417 -11.613328 0.388252 0.525071 -1
1 1.764343 -68.493042 -8.624776 0.474164 0.680086 -1
1 -10.081490 -53.683384 -6.704959 0.329888 0.533437 -1
1 -15.736095 -33.372719 -9.154097 0.261018 0.332317 -1
1 -5.289467 -52.838417 -11.613328 0.388252 0.525071 -1
1 -15.736095 -33.372719 -9.154097 0.261018 0.332317 -1
1 -9.092754 -33.372719 -15.855357 0.341931 0.332317 -1
1 -5.289467 -52.838417 -11.613328 0.388252 0.525071 -1
1 -15.736095 -33.372719 -9.154097 0.261018 0.332317 -1
1 -19.692390 -22.689217 -11.458171 0.212833 0.226527 -1
1 -11.376915 -22.689217 -19.846140 0.314111 0.226527 -1
1 -15.736095 -33.372719 -9.154097 0.261018 0.332317 -1
1 -11.376915 -22.689217 -19.846140 0.314111 0.226527 -1
1 -9.092754 -33.372719 -15.855357 0.341931 0.332317 -1
1 -19.692390 -22.689217 -11.458171 0.212833 0.226527 -1
1 -23.324167 -9.936127 -13.573263 0.168600 0.100243 -1
1 -11.376915 -22.689217 -19.846140 0.314111 0.226527 -1
1 -23.324167 -9.936127 -13.573263 0.168600 0.100243 -1
1 -13.473717 -9.936127 -23.509583 0.288573 0.100243 -1
1 -11.376915 -22.689217 -19.846140 0.314111 0.226527 -1
1 -23.324167 -9.936127 -13.573263 0.168600 0.100243 -1
1 -25.706734 -0.213219 -14.831534 0.139582 0.003964 -1
1 -14.849302 -0.213219 -25.688972 0.271819 0.003964 -1
1 -23.324167 -9.936127 -13.573263 0.168600 0.100243 -1
1 -14.849302 -0.213219 -25.688972 0.271819 0.003964 -1
1 -13.473717 -9.936127 -23.509583 0.288573 0.100243 -1
1 11.314282 -82.782372 -6.045712 0.590477 0.821582 -1
1 14.041053 -80.651939 -6.980987 0.623687 0.800486 -1
1 26.424667 -96.502235 0.000000 0.774513 0.957439 -1
1 -14.849302 -0.213219 -25.688972 0.271819 0.003964 -1
1 -0.017763 -0.213219 0.000000 0.452459 0.003964 -1
1 -0.017763 -0.213219 -29.663071 0.452459 0.003964 -1
1 11.314282 -82.782372 -6.045712 0.590477 0.821582 -1
1 1.764343 -68.493042 -8.624776 0.474164 0.680086 -1
1 6.341378 -66.643806 -9.959036 0.529910 0.661774 -1
1 11.314282 -82.782372 -6.045712 0.590477 0.821582 -1
1 6.341378 -66.643806 -9.959036 0.529910 0.661774 -1
1 14.041053 -80.651939 -6.980987 0.623687 0.800486 -1
1 1.764343 -68.493042 -8.624776 0.474164 0.680086 -1
1 -5.289467 -52.838417 -11.613328 0.388252 0.525071 -1
1 6.341378 -66.643806 -9.959036 0.529910 0.661774 -1
1 -5.289467 -52.838417 -11.613328 0.388252 0.525071 -1
1 1.256570 -51.684174 -13.409914 0.467979 0.513641 -1
1 6.341378 -66.643806 -9.959036 0.529910 0.661774 -1
1 -5.289467 -52.838417 -11.613328 0.388252 0.525071 -1
1 -9.092754 -33.372719 -15.855357 0.341931 0.332317 -1
1 -0.017764 -33.372719 -18.308184 0.452459 0.332317 -1
1 -5.289467 -52.838417 -11.613328 0.388252 0.525071 -1
1 -0.017764 -33.372719 -18.308184 0.452459 0.332317 -1
1 1.256570 -51.684174 -13.409914 0.467979 0.513641 -1
1 -9.092754 -33.372719 -15.855357 0.341931 0.332317 -1
1 -11.376915 -22.689217 -19.846140 0.314111 0.226527 -1
1 -0.017764 -33.372719 -18.308184 0.452459 0.332317 -1
1 -11.376915 -22.689217 -19.846140 0.314111 0.226527 -1
1 -0.017764 -22.689217 -22.916334 0.452459 0.226527 -1
1 -0.017764 -33.372719 -18.308184 0.452459 0.332317 -1
1 -11.376915 -22.689217 -19.846140 0.314111 0.226527 -1
1 -13.473717 -9.936127 -23.509583 0.288573 0.100243 -1
1 -0.017763 -9.936127 -27.146526 0.452459 0.100243 -1
1 -11.376915 -22.689217 -19.846140 0.314111 0.226527 -1
1 -0.017763 -9.936127 -27.146526 0.452459 0.100243 -1
1 -0.017764 -22.689217 -22.916334 0.452459 0.226527 -1
1 -13.473717 -9.936127 -23.509583 0.288573 0.100243 -1
1 -14.849302 -0.213219 -25.688972 0.271819 0.003964 -1
1 -0.017763 -9.936127 -27.146526 0.452459 0.100243 -1
1 -14.849302 -0.213219 -25.688972 0.271819 0.003964 -1
1 -0.017763 -0.213219 -29.663071 0.452459 0.003964 -1
1 -0.017763 -9.936127 -27.146526 0.452459 0.100243 -1
1 14.041053 -80.651939 -6.980987 0.623687 0.800486 -1
1 16.767826 -78.521553 -6.045712 0.656898 0.779390 -1
1 26.424667 -96.502235 0.000000 0.774513 0.957439 -1
1 -0.017763 -0.213219 -29.663071 0.452459 0.003964 -1
1 -0.017763 -0.213219 0.000000 0.452459 0.003964 -1
1 14.813770 -0.213219 -25.688972 0.633099 0.003964 -1
1 14.041053 -80.651939 -6.980987 0.623687 0.800486 -1
1 6.341378 -66.643806 -9.959036 0.529910 0.661774 -1
1 16.767826 -78.521553 -6.045712 0.656898 0.779390 -1
1 6.341378 -66.643806 -9.959036 0.529910 0.661774 -1
1 10.918405 -64.794556 -8.624776 0.585655 0.643463 -1
1 16.767826 -78.521553 -6.045712 0.656898 0.779390 -1
1 6.341378 -66.643806 -9.959036 0.529910 0.661774 -1
1 1.256570 -51.684174 -13.409914 0.467979 0.513641 -1
1 7.802605 -50.529938 -11.613328 0.547706 0.502211 -1
1 6.341378 -66.643806 -9.959036 0.529910 0.661774 -1
1 7.802605 -50.529938 -11.613328 0.547706 0.502211 -1
1 10.918405 -64.794556 -8.624776 0.585655 0.643463 -1
1 1.256570 -51.684174 -13.409914 0.467979 0.513641 -1
1 -0.017764 -33.372719 -18.308184 0.452459 0.332317 -1
1 7.802605 -50.529938 -11.613328 0.547706 0.502211 -1
1 -0.017764 -33.372719 -18.308184 0.452459 0.332317 -1
1 9.057220 -33.372719 -15.855357 0.562987 0.332317 -1
1 7.802605 -50.529938 -11.613328 0.547706 0.502211 -1
1 -0.017764 -33.372719 -18.308184 0.452459 0.332317 -1
1 -0.017764 -22.689217 -22.916334 0.452459 0.226527 -1
1 11.341389 -22.689217 -19.846140 0.590807 0.226527 -1
1 -0.017764 -33.372719 -18.308184 0.452459 0.332317 -1
1 11.341389 -22.689217 -19.846140 0.590807 0.226527 -1
1 9.057220 -33.372719 -15.855357 0.562987 0.332317 -1
1 -0.017764 -22.689217 -22.916334 0.452459 0.226527 -1
1 -0.017763 -9.936127 -27.146526 0.452459 0.100243 -1
1 11.341389 -22.689217 -19.846140 0.590807 0.226527 -1
1 -0.017763 -9.936127 -27.146526 0.452459 0.100243 -1
1 13.438190 -9.936127 -23.509583 0.616345 0.100243 -1
1 11.341389 -22.689217 -19.846140 0.590807 0.226527 -1
1 -0.017763 -9.936127 -27.146526 0.452459 0.100243 -1
1 -0.017763 -0.213219 -29.663071 0.452459 0.003964 -1
1 14.813770 -0.213219 -25.688972 0.633099 0.003964 -1
1 -0.017763 -9.936127 -27.146526 0.452459 0.100243 -1
1 14.813770 -0.213219 -25.688972 0.633099 0.003964 -1
1 13.438190 -9.936127 -23.509583 0.616345 0.100243 -1
1 16.767826 -78.521553 -6.045712 0.656898 0.779390 -1
1 18.763962 -76.961990 -3.490496 0.681210 0.763947 -1
1 26.424667 -96.502235 0.000000 0.774513 0.957439 -1
1 14.813770 -0.213219 -25.688972 0.633099 0.003964 -1
1 -0.017763 -0.213219 0.000000 0.452459 0.003964 -1
1 25.671211 -0.213219 -14.831534 0.765336 0.003964 -1
1 16.767826 -78.521553 -6.045712 0.656898 0.779390 -1
1 10.918405 -64.794556 -8.624776 0.585655 0.643463 -1
1 14.269018 -63.440830 -4.979519 0.626464 0.630058 -1
1 16.767826 -78.521553 -6.045712 0.656898 0.779390 -1
1 14.269018 -63.440830 -4.979519 0.626464 0.630058 -1
1 18.763962 -76.961990 -3.490496 0.681210 0.763947 -1
1 10.918405 -64.794556 -8.624776 0.585655 0.643463 -1
1 7.802605 -50.529938 -11.613328 0.547706 0.502211 -1
1 14.269018 -63.440830 -4.979519 0.626464 0.630058 -1
1 7.802605 -50.529938 -11.613328 0.547706 0.502211 -1
1 12.594617 -49.684975 -6.704959 0.606071 0.493844 -1
1 14.269018 -63.440830 -4.979519 0.626464 0.630058 -1
1 7.802605 -50.529938 -11.613328 0.547706 0.502211 -1
1 9.057220 -33.372719 -15.855357 0.562987 0.332317 -1
1 15.700557 -33.372719 -9.154097 0.643900 0.332317 -1
1 7.802605 -50.529938 -11.613328 0.547706 0.502211 -1
1 15.700557 -33.372719 -9.154097 0.643900 0.332317 -1
1 12.594617 -49.684975 -6.704959 0.606071 0.493844 -1
1 9.057220 -33.372719 -15.855357 0.562987 0.332317 -1
1 11.341389 -22.689217 -19.846140 0.590807 0.226527 -1
1 15.700557 -33.372719 -9.154097 0.643900 0.332317 -1
1 11.341389 -22.689217 -19.846140 0.590807 0.226527 -1
1 19.656855 -22.689217 -11.458171 0.692084 0.226527 -1
1 15.700557 -33.372719 -9.154097 0.643900 0.332317 -1
1 11.341389 -22.689217 -19.846140 0.590807 0.226527 -1
1 13.438190 -9.936127 -23.509583 0.616345 0.100243 -1
1 23.288622 -9.936127 -13.573263 0.736317 0.100243 -1
1 11.341389 -22.689217 -19.846140 0.590807 0.226527 -1
1 23.288622 -9.936127 -13.573263 0.736317 0.100243 -1
1 19.656855 -22.689217 -11.458171 0.692084 0.226527 -1
1 13.438190 -9.936127 -23.509583 0.616345 0.100243 -1
1 14.813770 -0.213219 -25.688972 0.633099 0.003964 -1
1 23.288622 -9.936127 -13.573263 0.736317 0.100243 -1
1 14.813770 -0.213219 -25.688972 0.633099 0.003964 -1
1 25.671211 -0.213219 -14.831534 0.765336 0.003964 -1
1 23.288622 -9.936127 -13.573263 0.736317 0.100243 -1
1 18.763962 -76.961990 -3.490496 0.681210 0.763947 -1
1 19.494616 -76.391174 0.000001 0.690108 0.758295 -1
1 26.424667 -96.502235 0.000000 0.774513 0.957439 -1
1 25.671211 -0.213219 -14.831534 0.765336 0.003964 -1
1 -0.017763 -0.213219 0.000000 0.452459 0.003964 -1
1 29.645311 -0.213219 0.000000 0.813738 0.003964 -1
1 18.763962 -76.961990 -3.490496 0.681210 0.763947 -1
1 14.269018 -63.440830 -4.979519 0.626464 0.630058 -1
1 19.494616 -76.391174 0.000001 0.690108 0.758295 -1
1 14.269018 -63.440830 -4.979519 0.626464 0.630058 -1
1 15.495440 -62.945313 0.000001 0.641401 0.625151 -1
1 19.494616 -76.391174 0.000001 0.690108 0.758295 -1
1 14.269018 -63.440830 -4.979519 0.626464 0.630058 -1
1 12.594617 -49.684975 -6.704959 0.606071 0.493844 -1
1 14.348629 -49.375698 0.000000 0.627434 0.490782 -1
1 14.269018 -63.440830 -4.979519 0.626464 0.630058 -1
1 14.348629 -49.375698 0.000000 0.627434 0.490782 -1
1 15.495440 -62.945313 0.000001 0.641401 0.625151 -1
1 12.594617 -49.684975 -6.704959 0.606071 0.493844 -1
1 15.700557 -33.372719 -9.154097 0.643900 0.332317 -1
1 14.348629 -49.375698 0.000000 0.627434 0.490782 -1
1 15.700557 -33.372719 -9.154097 0.643900 0.332317 -1
1 18.132198 -33.372719 0.000000 0.673515 0.332317 -1
1 14.348629 -49.375698 0.000000 0.627434 0.490782 -1
1 15.700557 -33.372719 -9.154097 0.643900 0.332317 -1
1 19.656855 -22.689217 -11.458171 0.692084 0.226527 -1
1 22.700529 -22.689217 0.000000 0.729155 0.226527 -1
1 15.700557 -33.372719 -9.154097 0.643900 0.332317 -1
1 22.700529 -22.689217 0.000000 0.729155 0.226527 -1
1 18.132198 -33.372719 0.000000 0.673515 0.332317 -1
1 19.656855 -22.689217 -11.458171 0.692084 0.226527 -1
1 23.288622 -9.936127 -13.573263 0.736317 0.100243 -1
1 22.700529 -22.689217 0.000000 0.729155 0.226527 -1
1 23.288622 -9.936127 -13.573263 0.736317 0.100243 -1
1 26.894135 -9.936127 0.000000 0.780231 0.100243 -1
1 22.700529 -22.689217 0.000000 0.729155 0.226527 -1
1 23.288622 -9.936127 -13.573263 0.736317 0.100243 -1
1 25.671211 -0.213219 -14.831534 0.765336 0.003964 -1
1 29.645311 -0.213219 0.000000 0.813738 0.003964 -1
1 23.288622 -9.936127 -13.573263 0.736317 0.100243 -1
1 29.645311 -0.213219 0.000000 0.813738 0.003964 -1
1 26.894135 -9.936127 0.000000 0.780231 0.100243 -1
156
0.916958 0.315974 0.243616
0.000000 1.000000 0.000000
0.926650 0.275612 0.255654
0.928694 0.282241 0.240557
0.965827 0.081625 0.245999
0.962965 0.085124 0.255837
0.942198 -0.222763 0.250280
0.946997 -0.216012 0.237770
0.893210 -0.381942 0.237267
0.893210 -0.381943 0.237267
0.921086 -0.302881 0.244671
0.921086 -0.302881 0.244671
0.932251 -0.263788 0.247637
0.932487 -0.260840 0.249859
0.725756 0.165239 0.667813
0.724786 0.167345 0.668342
0.694970 0.164638 0.699937
0.715581 -0.000516 0.698529
0.732860 0.017581 0.680152
0.715411 -0.235010 0.657995
0.692700 -0.220439 0.686712
0.655969 -0.383165 0.650299
0.655969 -0.383165 0.650299
0.676578 -0.303913 0.670730
0.683550 -0.255964 0.683551
0.687605 -0.250075 0.681661
0.390547 -0.098021 0.915350
0.298705 -0.051756 0.952941
0.335465 -0.015856 0.941919
0.324101 -0.125650 0.937641
0.282808 -0.123299 0.951219
0.252664 -0.249601 0.934805
0.294851 -0.227722 0.928012
0.240875 -0.384400 0.891188
0.240874 -0.384399 0.891189
0.248494 -0.304956 0.919376
0.248493 -0.304957 0.919376
0.252934 -0.245545 0.935805
0.251091 -0.242542 0.937084
0.000632 -0.402657 0.915351
-0.118314 -0.268283 0.956047
-0.162855 -0.279619 0.946198
-0.206388 -0.286007 0.935737
-0.172360 -0.259090 0.950350
-0.211169 -0.266272 0.940482
-0.252443 -0.252861 0.933988
-0.240874 -0.384399 0.891189
-0.240875 -0.384400 0.891188
-0.248493 -0.304957 0.919376
-0.248494 -0.304956 0.919376
-0.251091 -0.242542 0.937084
-0.252934 -0.245546 0.935805
-0.335908 -0.664226 0.667810
-0.545130 -0.487434 0.682086
-0.531487 -0.472078 0.703323
-0.595324 -0.401151 0.696180
-0.621051 -0.398462 0.674925
-0.681668 -0.280454 0.675776
-0.665540 -0.269230 0.696112
-0.655969 -0.383165 0.650299
-0.655969 -0.383165 0.650300
-0.676578 -0.303913 0.670731
-0.676578 -0.303914 0.670730
-0.687604 -0.250076 0.681662
-0.683551 -0.255962 0.683551
-0.528421 -0.813280 0.243612
-0.759487 -0.597721 0.256727
-0.763103 -0.597066 0.247359
-0.847601 -0.471477 0.243480
-0.846582 -0.467200 0.254997
-0.923195 -0.287745 0.254780
-0.926535 -0.284532 0.246120
-0.893210 -0.381943 0.237268
-0.893210 -0.381943 0.237268
-0.921085 -0.302882 0.244673
-0.921086 -0.302881 0.244672
-0.932488 -0.260838 0.249860
-0.932251 -0.263786 0.247638
-0.528421 -0.813281 -0.243611
-0.763102 -0.597066 -0.247359
-0.759487 -0.597721 -0.256727
-0.846582 -0.467200 -0.254997
-0.847601 -0.471477 -0.243480
-0.926535 -0.284532 -0.246120
-0.923195 -0.287745 -0.254780
-0.893210 -0.381943 -0.237268
-0.893210 -0.381943 -0.237268
-0.921086 -0.302881 -0.244672
-0.921085 -0.302882 -0.244672
-0.932251 -0.263786 -0.247638
-0.932488 -0.260838 -0.249860
-0.335908 -0.664226 -0.667810
-0.531487 -0.472078 -0.703323
-0.545130 -0.487434 -0.682086
-0.621051 -0.398462 -0.674925
-0.595324 -0.401151 -0.696180
-0.665540 -0.269230 -0.696112
-0.681668 -0.280455 -0.675776
-0.655969 -0.383165 -0.650300
-0.655969 -0.383165 -0.650299
-0.676578 -0.303913 -0.670730
-0.676578 -0.303913 -0.670731
-0.683551 -0.255962 -0.683551
-0.687604 -0.250076 -0.681662
0.000633 -0.402656 -0.915351
-0.162855 -0.279619 -0.946198
-0.118313 -0.268282 -0.956048
-0.172359 -0.259090 -0.950350
-0.206386 -0.286006 -0.935738
-0.252442 -0.252861 -0.933988
-0.211168 -0.266272 -0.940482
-0.240874 -0.384400 -0.891188
-0.240874 -0.384399 -0.891189
-0.248494 -0.304956 -0.919376
-0.248493 -0.304957 -0.919376
-0.252934 -0.245546 -0.935805
-0.251091 -0.242542 -0.937084
0.390546 -0.098022 -0.915350
0.335464 -0.015856 -0.941920
0.298705 -0.051755 -0.952941
0.282807 -0.123300 -0.951219
0.324100 -0.125651 -0.937641
0.294850 -0.227722 -0.928012
0.252663 -0.249601 -0.934805
0.240874 -0.384399 -0.891189
0.240874 -0.384400 -0.891188
0.248492 -0.304957 -0.919376
0.248494 -0.304956 -0.919376
0.251091 -0.242542 -0.937084
0.252934 -0.245545 -0.935805
0.725756 0.165239 -0.667813
0.694970 0.164638 -0.699937
0.724786 0.167345 -0.668342
0.732860 0.017580 -0.680152
0.715581 -0.000516 -0.698529
0.692700 -0.220439 -0.686712
0.715411 -0.235010 -0.657995
0.655969 -0.383165 -0.650299
0.655969 -0.383165 -0.650299
0.676578 -0.303913 -0.670730
0.676578 -0.303913 -0.670730
0.687605 -0.250075 -0.681661
0.683550 -0.255964 -0.683551
0.916958 0.315974 -0.243616
0.928694 0.282241 -0.240556
0.926650 0.275612 -0.255654
0.962965 0.085124 -0.255837
0.965827 0.081625 -0.245999
0.946997 -0.216012 -0.237770
0.942198 -0.222763 -0.250280
0.893210 -0.381943 -0.237267
0.893210 -0.381942 -0.237267
0.921086 -0.302881 -0.244671
0.921086 -0.302881 -0.244671
0.932487 -0.260840 -0.249859
0.932251 -0.263788 -0.247637
168
1 0 1 2 0 0 0 2
1 3 4 5 1 1 1 2
1 6 7 8 2 2 2 1
1 9 10 11 3 3 3 1
1 12 13 14 4 4 4 1
1 15 16 17 5 5 5 1
1 18 19 20 6 6 6 1
1 21 22 23 7 7 7 1
1 24 25 26 8 8 8 1
1 27 28 29 9 9 9 1
1 30 31 32 10 10 10 1
1 33 34 35 11 11 11 1
1 36 37 38 12 12 12 1
1 39 40 41 13 13 13 1
1 42 43 44 14 14 14 2
1 45 46 47 1 1 1 2
1 48 49 50 15 15 15 1
1 51 52 53 16 16 16 1
1 54 55 56 17 17 17 1
1 57 58 59 18 18 18 1
1 60 61 62 19 19 19 1
1 63 64 65 20 20 20 1
1 66 67 68 21 21 21 1
1 69 70 71 22 22 22 1
1 72 73 74 23 23 23 1
1 75 76 77 23 23 23 1
1 78 79 80 24 24 24 1
1 81 82 83 25 25 25 1
1 84 85 86 26 26 26 2
1 87 88 89 1 1 1 2
1 90 91 92 27 27 27 1
1 93 94 95 28 28 28 1
1 96 97 98 29 29 29 1
1 99 100 101 30 30 30 1
1 102 103 104 31 31 31 1
1 105 106 107 32 32 32 1
1 108 109 110 33 33 33 1
1 111 112 113 34 34 34 1
1 114 115 116 35 35 35 1
1 117 118 119 36 36 36 1
1 120 121 122 37 37 37 1
1 123 124 125 38 38 38 1
1 126 127 128 39 39 39 2
1 129 130 131 1 1 1 2
1 132 133 134 40 40 40 1
1 135 136 137 41 41 41 1
1 138 139 140 42 42 42 1
1 141 142 143 43 43 43 1
1 144 145 146 44 44 44 1
1 147 148 149 45 45 45 1
1 150 151 152 46 46 46 1
1 153 154 155 47 47 47 1
1 156 157 158 48 48 48 1
1 159 160 161 49 49 49 1
1 162 163 164 50 50 50 1
1 165 166 167 51 51 51 1
1 168 169 170 52 52 52 2
1 171 172 173 1 1 1 2
1 174 175 176 53 53 53 1
1 177 178 179 54 54 54 1
1 180 181 182 55 55 55 1
1 183 184 185 56 56 56 1
1 186 187 188 57 57 57 1
1 189 190 191 58 58 58 1
1 192 193 194 59 59 59 1
1 195 196 197 60 60 60 1
1 198 199 200 61 61 61 1
1 201 202 203 62 62 62 1
1 204 205 206 63 63 63 1
1 207 208 209 64 64 64 1
1 210 211 212 65 65 65 2
1 213 214 215 1 1 1 2
1 216 217 218 66 66 66 1
1 219 220 221 67 67 67 1
1 222 223 224 68 68 68 1
1 225 226 227 69 69 69 1
1 228 229 230 70 70 70 1
1 231 232 233 71 71 71 1
1 234 235 236 72 72 72 1
1 237 238 239 73 73 73 1
1 240 241 242 74 74 74 1
1 243 244 245 75 75 75 1
1 246 247 248 76 76 76 1
1 249 250 251 77 77 77 1
1 252 253 254 78 78 78 2
1 255 256 257 1 1 1 2
1 258 259 260 79 79 79 1
1 261 262 263 80 80 80 1
1 264 265 266 81 81 81 1
1 267 268 269 82 82 82 1
1 270 271 272 83 83 83 1
1 273 274 275 84 84 84 1
1 276 277 278 85 85 85 1
1 279 280 281 86 86 86 1
1 282 283 284 87 87 87 1
1 285 286 287 88 88 88 1
1 288 289 290 89 89 89 1
1 291 292 293 90 90 90 1
1 294 295 296 91 91 91 2
1 297 298 299 1 1 1 2
1 300 301 302 92 92 92 1
1 303 304 305 93 93 93 1
1 306 307 308 94 94 94 1
1 309 310 311 95 95 95 1
1 312 313 314 96 96 96 1
1 315 316 317 97 97 97 1
1 318 319 320 98 98 98 1
1 321 322 323 99 99 99 1
1 324 325 326 100 100 100 1
1 327 328 329 101 101 101 1
1 330 331 332 102 102 102 1
1 333 334 335 103 103 103 1
1 336 337 338 104 104 104 2
1 339 340 341 1 1 1 2
1 342 343 344 105 105 105 1
1 345 346 347 106 106 106 1
1 348 349 350 107 107 107 1
1 351 352 353 108 108 108 1
1 354 355 356 109 109 109 1
1 357 358 359 110 110 110 1
1 360 361 362 111 111 111 1
1 363 364 365 112 112 112 1
1 366 367 368 113 113 113 1
1 369 370 371 114 114 114 1
1 372 373 374 115 115 115 1
1 375 376 377 116 116 116 1
1 378 379 380 117 117 117 2
1 381 382 383 1 1 1 2
1 384 385 386 118 118 118 1
1 387 388 389 119 119 119 1
1 390 391 392 120 120 120 1
1 393 394 395 121 121 121 1
1 396 397 398 122 122 122 1
1 399 400 401 123 123 123 1
1 402 403 404 124 124 124 1
1 405 406 407 125 125 125 1
1 408 409 410 126 126 126 1
1 411 412 413 127 127 127 1
1 414 415 416 128 128 128 1
1 417 418 419 129 129 129 1
1 420 421 422 130 130 130 2
1 423 424 425 1 1 1 2
1 426 427 428 131 131 131 1
1 429 430 431 132 132 132 1
1 432 433 434 133 133 133 1
1 435 436 437 134 134 134 1
1 438 439 440 135 135 135 1
1 441 442 443 136 136 136 1
1 444 445 446 137 137 137 1
1 447 448 449 138 138 138 1
1 450 451 452 139 139 139 1
1 453 454 455 140 140 140 1
1 456 457 458 141 141 141 1
1 459 460 461 142 142 142 1
1 462 463 464 143 143 143 2
1 465 466 467 1 1 1 2
1 468 469 470 144 144 144 1
1 471 472 473 145 145 145 1
1 474 475 476 146 146 146 1
1 477 478 479 147 147 147 1
1 480 481 482 148 148 148 1
1 483 484 485 149 149 149 1
1 486 487 488 150 150 150 1
1 489 490 491 151 151 151 1
1 492 493 494 152 152 152 1
1 495 496 497 153 153 153 1
1 498 499 500 154 154 154 1
1 501 502 503 155 155 155 1

Materials: 1
"Material01"
0.200000 0.200000 0.200000 1.000000
0.800000 0.800000 0.800000 1.000000
0.000000 0.000000 0.000000 1.000000
0.000000 0.000000 0.000000 1.000000
0.000000
1.000000
"oldhold.png"
""

Bones: 0
GroupComments: 0
MaterialComments: 0
BoneComments: 0
ModelComment: 0
